0
0
1
1
0
1
1
0
0
0
1
0
0
1
0
0
1
0
0
1
1
0
0
0
1
1
0
1
1
1
1
1
0
1
1
1
0
0
1
0
0
1
1
1
1
0
1
0
0
1
0
1
0
1
1
1
1
0
0
1
0
1
0
1
1
1
0
0
1
0
1
0
0
0
0
0
1
1
1
1
0
0
1
0
1
0
1
1
0
1
1
1
1
1
0
0
1
0
0
1
1
1
0
0
0
0
0
0
1
0
1
1
0
1
1
0
1
0
1
1
0
1
0
1
1
0
0
1
0
1
1
0
0
0
1
0
0
1
0
0
0
0
1
0
1
1
1
0
0
0
0
1
0
0
0
0
1
1
1
1
1
1
1
1
0
1
0
1
0
1
0
0
1
1
1
0
1
0
1
0
0
1
1
0
1
0
1
0
0
0
0
1
1
0
1
1
1
1
0
1
0
0
1
1
1
1
1
1
1
0
0
0
1
0
1
0
0
1
1
0
1
0
1
0
0
0
1
1
1
0
0
0
0
1
1
1
0
0
1
1
0
0
0
1
1
0
0
0
0
0
0
0
1
0
0
0
2
1
0
0
1
0
0
0
0
0
0
0
0
0
0
0
0
0
0
0
0
0
0
0
0
0
0
0
0
0
0
0
0
0
0
0
0
0
0
0
0
0
0
0
0
0
0
0
0
0
0
0
0
0
0
0
0
0
0
0
0
0
0
0
0
0
0
1
0
0
0
0
0
0
0
0
0
0
0
0
0
0
0
0
0
0
0
0
0
0
0
0
0
0
0
0
0
0
0
0
0
0
0
0
0
0
0
0
0
0
0
0
0
0
0
0
0
0
0
0
0
0
0
0
0
0
0
0
0
0
0
0
1
1
1
1
0
0
1
0
1
1
1
1
0
0
1
0
1
0
1
1
1
1
0
1
0
0
0
0
0
1
0
1
0
1
0
0
0
0
0
1
1
1
0
1
0
1
1
1
1
0
0
1
1
1
0
1
1
1
1
1
0
0
1
0
1
1
0
1
1
1
0
0
0
0
0
0
1
1
0
1
0
0
0
1
1
0
1
1
1
0
0
1
0
1
1
0
1
0
1
0
1
0
1
1
0
1
0
0
0
0
1
0
0
1
0
0
1
1
1
1
1
1
0
0
1
0
0
1073741825
0
2147483647
0
2037997186
2699808505
1845923275
1436624861
2147483648
0
0
0
0
0
0
256
1073741824
295706624
2148542464
1887545887
2675734778
3114945622
2905785845
372320599
3423555470
831851924
3196544628
3337712821
428193184
1110486512
2194905112
400950787
987509649
2934807638
1093440549
8481212
3817283064
636017393
424926048
2671209940
2131480357
4117332226
2347851914
3380661476
2678316504
2730171290
1020232691
2941448598
1097089466
3378507718
3592798811
3575187320
2950682057
1004498912
986351491
4050964117
3602015744
645843760
3298455421
2350204631
1037600743
3929306688
102085123
2828602820
0
0
0
0
0
0
0
0
0
0
0
0
0
0
0
0
0
0
0
0
0
0
0
0
0
0
0
0
0
0
0
0
0
0
0
0
0
0
0
0
0
0
0
0
0
0
0
0
0
0
0
0
0
0
0
0
0
0
0
0
0
0
0
0
0
0
0
0
0
0
0
0
0
0
0
0
0
0
0
0
0
0
0
0
0
0
0
0
0
0
0
0
0
0
0
0
0
0
0
0
0
0
0
0
0
0
0
0
0
0
0
0
0
0
0
0
0
1073741824
0
0
0
0
0
0
0
0
0
0
0
0
0
0
0
0
0
0
0
0
0
0
0
0
0
0
0
0
0
0
1
0
0
0
285220864
10485760
0
0
0
0
0
0
0
0
0
0
0
0
0
1
0
0
0
0
0
0
0
0
0
0
1
0
0
0
1
0
0
0
0
0
0
0
0
0
0
0
0
0
0
0
0
1
0
0
0
0
0
0
0
0
0
0
1
0
0
0
0
0
0
0
0
0
0
0
0
0
0
0
0
0
0
0
0
0
0
0
0
0
1
0
1
0
0
0
0
0
0
0
0
0
0
0
0
0
0
0
0
0
0
0
0
0
0
0
0
0
0
0
0
0
1
295706624
0
0
0
0
0
0
0
0
0
0
0
0
0
1
0
0
0
0
0
0
0
1
0
1
1
0
0
0
1
0
0
0
0
0
0
1058816
0
0
0
0
0
0
0
0
0
0
0
0
0
0
0
0
0
0
0
0
0
0
0
0
0
0
0
0
0
0
0
0
0
0
0
0
0
0
0
0
0
0
0
0
0
0
0
0
0
0
0
0
0
0
0
0
0
0
0
0
0
0
0
0
0
0
0
0
0
0
0
0
1
0
1
0
0
0
0
0
0
1
0
0
0
0
0
0
0
0
0
0
0
0
0
0
0
0
0
0
0
0
0
0
1
0
1
0
0
0
0
0
0
0
0
2148542464
0
0
0
0
0
0
0
0
0
0
0
1
0
1
0
0
0
0
0
0
1
0
0
0
0
0
0
0
0
0
0
1
0
0
1551714099
335831788
1
1
0
0
1
1
0
0
1
1
1
0
0
0
1
0
1
0
1
1
1
1
1
0
0
0
1
1
1
0
1
0
1
1
0
0
0
1
1
1
0
0
1
1
0
1
1
0
0
1
0
0
1
0
1
0
1
1
0
0
1
0
0
1
1
0
1
1
1
0
1
0
0
0
1
1
0
0
0
1
0
0
0
0
0
0
0
1
0
1
0
0
0
0
0
1
0
0
1
1
1
0
1
0
1
0
0
0
0
0
0
0
0
0
0
1887545887
1
1
1
1
1
0
0
0
0
1
0
1
0
1
0
1
1
0
0
0
0
0
0
1
0
0
0
0
1
1
1
0
0
0
350406264
287331328
0
0
0
1
1
1
1
0
0
1
1
0
0
0
1
1
0
1
0
0
0
1
1
1
0
0
1
0
1
0
0
0
1
1
1
0
0
1
0
1
1
1
1
1
1
1
0
1
1
1
1
1
1
1
1
1
0
0
0
0
0
0
0
0
0
0
0
0
0
0
0
1
0
1
0
1
0
0
0
0
0
0
1
0
0
1
0
0
0
1
0
0
0
0
1
0
1
0
0
0
0
0
0
0
0
1
0
1
0
0
0
0
0
0
0
2675734778
0
1
0
1
1
1
1
1
0
0
0
1
1
1
1
0
0
0
1
1
1
1
1
0
1
1
1
1
1
0
0
1
0
0
946734883
3763369530
1
1
0
0
0
1
0
0
1
1
1
0
0
0
0
0
0
1
1
1
0
1
1
0
0
0
0
1
1
1
0
0
0
1
0
1
1
0
0
1
0
1
1
0
1
0
1
1
0
1
1
1
0
1
0
1
1
0
1
0
1
0
1
0
1
1
1
0
0
0
1
1
0
1
1
1
0
0
0
0
0
1
0
1
0
0
0
0
0
0
1
1
1
0
0
0
0
1
0
1
0
0
1
1
0
1
0
1
0
0
0
1
1
0
0
7409912918
0
1
1
0
1
0
1
0
0
0
1
1
0
0
1
0
0
1
0
1
0
1
0
1
1
0
0
1
1
1
0
1
1
0
2347135963
3007693647
1
1
0
1
1
0
1
1
1
1
0
0
1
1
1
0
0
1
1
0
0
1
1
1
1
1
0
1
0
0
0
1
1
1
1
0
0
1
0
0
1
1
1
0
1
0
1
0
0
1
0
0
1
0
1
0
1
0
0
0
0
1
1
1
1
0
0
1
0
1
1
0
0
0
0
1
1
1
0
1
0
0
0
1
0
1
1
0
0
1
1
0
1
1
0
0
0
1
0
1
0
0
0
1
1
1
0
0
0
0
1
0
0
0
1
7200753141
1
0
1
0
1
1
1
1
1
0
1
0
0
0
1
1
0
1
0
0
1
1
0
0
1
0
1
1
0
1
0
1
1
0
285220864
1871700339
0
0
0
0
0
0
0
0
0
0
0
0
0
1
0
0
0
0
0
0
0
0
0
0
1
0
0
0
1
0
0
0
0
0
0
0
0
0
0
0
0
0
0
0
0
1
0
0
0
0
0
0
0
0
0
0
1
0
0
0
0
1
1
0
0
1
1
1
0
1
0
0
0
0
1
1
1
1
1
1
1
0
0
0
1
1
1
1
1
0
1
1
0
0
0
0
0
0
1
1
1
1
1
0
1
0
0
0
1
1
0
0
0
0
1
4667287895
1
1
1
0
1
0
1
0
1
0
0
1
0
1
0
0
1
0
0
0
1
1
0
0
0
1
1
0
1
0
0
0
1
0
0
980365198
0
0
0
0
0
0
0
0
0
0
0
0
0
0
0
0
0
0
0
0
0
0
0
0
0
0
0
0
0
0
0
0
0
0
0
0
0
0
0
0
0
0
0
0
0
0
0
0
0
0
0
0
0
0
0
0
0
0
0
0
0
0
1
1
1
0
0
0
1
1
1
1
1
0
1
0
0
1
1
1
1
0
1
1
0
0
1
0
1
1
1
0
0
1
1
1
1
1
1
0
0
1
1
0
0
0
1
1
0
0
0
1
0
0
0
3423555470
0
1
1
1
0
0
0
1
1
1
1
1
0
0
1
0
1
1
1
1
0
0
0
0
0
0
1
1
0
0
1
1
0
0
0
2978276756
0
0
0
0
0
0
0
0
0
0
0
0
0
0
0
0
0
0
0
0
0
0
0
0
0
0
0
0
0
0
0
0
0
0
0
0
0
0
0
0
0
0
0
0
0
0
0
0
0
0
0
0
0
0
0
0
0
0
0
0
0
0
0
1
0
1
0
0
1
1
0
1
0
0
1
1
1
0
0
1
0
0
0
0
1
1
0
0
0
1
1
0
1
0
1
1
1
1
0
1
1
1
0
0
1
0
1
1
0
1
0
0
0
0
0
5126819220
0
0
1
0
1
0
0
1
1
0
1
1
0
0
0
0
1
0
1
0
1
0
0
1
1
0
0
0
1
1
0
0
1
0
0
1308998741
0
0
0
0
0
0
0
0
0
0
0
0
0
0
0
0
0
0
0
0
0
0
0
0
0
0
0
0
0
0
0
0
0
0
0
0
0
0
0
0
0
0
0
0
0
0
0
0
0
0
0
0
0
0
0
0
0
0
0
0
0
1
0
1
0
1
0
1
0
0
0
1
1
1
1
0
1
1
0
1
0
0
0
0
0
0
1
1
1
0
0
1
0
0
1
1
0
0
0
0
1
1
1
1
1
1
1
0
1
0
1
1
0
1
1
3196544628
0
0
1
0
1
1
1
0
0
1
1
0
0
1
1
0
1
1
1
0
0
0
0
1
0
1
1
1
1
1
0
1
0
0
0
661978043
0
0
0
0
0
0
0
0
0
0
0
0
0
0
0
0
0
0
0
0
0
0
0
0
0
0
0
0
0
0
0
0
0
0
0
0
0
0
0
0
0
0
0
0
0
0
0
0
0
0
0
0
0
0
0
0
0
0
0
0
0
1
1
0
1
1
1
0
1
1
1
0
1
1
1
1
1
0
0
1
0
1
1
1
0
1
1
1
0
0
1
0
0
0
0
0
1
1
1
1
1
0
1
1
1
1
0
0
1
0
0
0
1
1
1
3337712821
1
0
1
0
1
1
0
1
0
0
1
0
1
1
1
0
1
0
0
0
1
1
1
1
0
1
1
0
0
0
1
1
0
0
0
1608214858
0
0
0
0
0
0
0
0
0
0
0
0
0
0
0
0
0
0
0
0
0
0
0
0
0
0
0
0
0
0
0
0
0
0
0
0
0
0
0
0
0
0
0
0
0
0
0
0
0
0
0
0
0
0
0
0
0
0
0
0
0
0
1
0
1
0
0
1
0
1
0
0
1
0
1
1
0
1
1
0
1
1
0
1
1
1
1
1
1
1
0
1
0
1
1
0
0
1
0
0
1
0
0
0
1
0
0
1
1
0
0
1
0
1
1
4723160480
0
0
0
0
0
1
0
1
1
0
1
0
1
1
0
1
1
0
1
0
0
0
0
1
1
0
0
1
1
0
0
0
1
0
0
2499667963
0
0
0
0
0
0
0
0
0
0
0
0
0
0
0
0
0
0
0
0
0
0
0
0
0
0
0
0
0
0
0
0
0
0
0
0
0
0
0
0
0
0
0
0
0
0
0
0
0
0
0
0
0
0
0
0
0
0
0
0
0
1
1
0
1
1
1
1
1
1
1
1
0
0
1
1
1
1
0
1
1
1
1
1
1
0
0
1
0
1
0
0
1
0
1
1
0
0
1
0
1
1
1
0
1
1
0
1
0
0
0
1
1
0
0
5405453808
0
0
0
0
1
1
1
1
1
0
1
1
0
1
0
1
0
0
0
0
1
1
0
0
0
1
0
0
0
0
1
0
1
0
4194338
1818390175
0
1
0
0
0
1
0
0
0
0
0
0
0
0
0
0
0
0
0
0
0
0
1
0
0
0
0
0
0
0
0
0
0
1
0
0
0
0
0
0
0
0
0
0
0
0
0
0
0
0
0
0
0
0
1
0
0
0
0
0
0
1
1
1
1
1
0
0
1
0
1
1
1
0
1
1
0
0
1
0
0
0
1
1
0
0
0
1
1
0
1
1
0
0
1
0
0
1
1
1
1
1
1
1
1
0
0
0
0
0
0
1
0
0
1
2194905112
0
0
0
1
1
0
0
0
0
0
0
1
1
0
0
1
1
1
0
0
1
0
1
1
0
1
0
0
0
0
0
1
0
0
142610432
1129751925
0
0
0
0
0
0
0
0
0
0
0
0
1
0
0
0
0
0
0
0
0
0
0
1
0
0
0
1
0
0
0
0
0
0
0
0
0
0
0
0
0
0
0
0
1
0
0
0
0
0
0
0
0
0
0
1
0
0
0
0
0
1
0
1
0
1
1
1
0
1
0
1
0
0
1
0
1
0
1
1
0
1
0
1
0
1
1
0
0
0
0
1
0
0
1
1
1
1
0
1
0
1
0
0
1
0
1
0
0
0
1
1
0
0
0
4695918083
1
1
0
0
0
0
0
0
0
1
1
0
0
0
0
0
0
1
1
0
0
1
1
1
1
1
1
0
1
0
0
0
1
0
169295912
3207587285
0
0
0
1
0
1
0
0
0
0
0
0
0
0
1
0
1
1
1
0
1
0
0
0
0
1
0
1
0
0
0
0
0
0
0
1
0
1
0
0
0
0
1
0
0
0
1
0
1
1
0
0
0
1
0
0
0
0
0
1
0
1
0
1
0
1
0
1
1
1
0
1
0
0
1
1
1
1
1
1
1
0
1
0
0
1
1
1
1
1
1
0
1
1
1
0
0
1
1
0
0
1
0
0
0
1
0
1
0
1
1
1
1
0
0
5282476945
1
0
0
0
1
0
0
1
1
1
0
0
1
1
0
0
0
0
1
1
1
0
1
1
0
1
0
1
1
1
0
0
1
0
453117268
3284406414
0
0
1
0
1
0
1
0
1
0
1
0
0
0
0
0
0
1
0
0
0
0
0
0
1
1
0
1
1
0
0
0
0
0
1
0
1
0
1
0
0
0
0
0
0
0
0
0
0
0
0
0
0
0
0
0
1
1
0
1
0
0
1
1
1
0
0
0
1
0
0
0
0
1
0
0
0
0
0
1
0
0
0
1
1
1
1
0
0
0
0
1
1
1
1
1
1
0
0
0
0
1
0
0
1
0
1
1
1
1
0
0
0
0
0
7229774934
0
1
1
0
1
0
1
0
0
0
1
1
1
0
0
1
1
0
1
1
0
1
1
1
0
1
1
1
0
1
0
1
1
0
1517742647
2679377209
1
1
1
0
1
1
0
0
0
1
0
1
0
1
1
1
0
1
1
0
1
1
1
0
0
1
0
1
1
0
1
0
0
0
1
0
1
1
1
0
1
1
1
1
1
0
1
1
0
1
1
0
0
1
1
0
0
0
1
0
1
1
0
0
1
1
1
0
0
1
0
1
1
0
0
0
0
0
0
1
0
1
1
0
1
1
1
1
1
1
0
0
1
1
0
1
0
1
1
0
0
0
1
0
1
1
1
0
1
0
1
0
1
1
1
9683375141
1
0
1
0
0
1
0
0
0
0
1
0
1
0
0
1
0
0
1
1
0
1
0
0
1
0
0
0
0
0
1
0
0
1
4176465969
2106210764
1
0
0
0
1
1
0
0
0
0
0
0
1
0
1
1
1
1
1
1
0
1
1
1
0
0
0
1
1
1
1
1
0
1
1
1
0
1
0
0
1
1
1
1
1
0
1
0
0
0
0
0
0
0
0
0
1
1
0
1
0
0
0
1
1
0
0
1
1
1
0
0
1
1
1
0
0
0
1
0
1
0
0
0
1
1
0
1
1
1
1
1
0
1
1
0
1
0
1
0
1
0
1
0
0
0
0
0
1
1
0
0
0
0
1
8598415804
0
0
1
1
1
1
0
1
1
0
0
1
0
1
1
0
1
0
0
0
0
0
0
1
0
0
0
0
0
0
0
0
0
1
693351288
3632677782
0
0
0
1
1
1
1
0
1
1
0
0
1
1
0
1
1
1
0
0
1
0
1
0
1
0
0
1
0
1
0
0
0
1
0
0
1
1
1
1
0
1
0
1
1
1
1
1
0
1
1
0
0
1
1
0
0
1
1
1
1
0
1
1
0
1
0
0
1
1
1
0
0
0
0
1
0
0
1
1
0
0
0
0
1
0
0
0
1
1
0
1
1
1
1
0
0
1
1
0
1
0
0
0
1
0
0
0
0
0
1
1
0
1
0
8112250360
0
0
0
1
1
1
1
1
1
0
1
1
1
0
0
0
1
1
1
0
0
0
0
1
1
1
0
0
0
1
1
1
1
0
1333876345
2582224906
1
0
0
1
1
1
1
0
0
1
1
0
1
0
1
0
1
0
0
0
0
0
0
1
1
1
1
1
0
0
1
0
1
1
1
0
0
0
1
1
0
1
1
1
0
0
0
0
1
1
1
0
0
1
0
0
0
1
0
1
1
0
1
0
1
0
0
0
0
0
0
0
0
0
1
0
1
1
0
0
1
0
1
1
1
1
0
0
1
1
0
0
1
0
0
0
0
1
0
1
0
0
0
0
0
0
0
0
1
1
0
0
1
0
1
9225951985
1
0
0
0
1
1
1
1
0
1
0
1
1
0
1
1
0
0
0
1
0
1
1
1
1
0
1
0
0
1
0
0
0
1
3871310580
1836813428
0
0
1
0
1
1
1
1
0
1
0
0
0
0
0
1
1
1
1
1
1
1
0
1
0
1
1
0
0
1
1
1
0
1
1
1
1
0
1
1
1
1
1
0
0
1
0
1
1
0
0
1
1
1
1
0
0
0
1
0
0
0
0
1
0
1
1
1
0
0
0
1
1
0
0
0
1
1
1
0
1
1
1
1
0
1
0
1
1
0
1
1
0
1
1
0
0
1
1
0
1
1
0
1
1
0
1
1
0
1
1
0
0
0
0
9014860640
0
0
0
0
0
1
1
0
1
1
0
1
1
0
1
1
1
1
0
0
1
0
1
0
1
0
0
1
1
0
0
0
0
1
3623502957
1982844031
1
0
1
1
0
1
1
0
0
0
1
0
0
0
1
0
0
1
0
1
1
1
1
1
1
1
1
0
1
0
1
1
0
0
1
1
1
0
0
1
1
0
1
1
0
1
0
1
1
1
0
1
1
1
1
0
0
1
1
1
0
1
1
1
1
1
1
1
0
0
0
1
1
0
0
1
1
1
1
1
1
0
1
0
0
0
1
1
0
1
1
1
0
1
0
0
1
0
0
1
0
0
1
1
0
1
1
0
1
0
1
1
0
0
1
6966177236
0
0
1
0
1
0
1
1
1
0
1
1
0
1
1
0
1
1
1
0
1
1
0
0
1
1
1
1
1
0
0
1
1
0
1832159180
2530892661
0
0
1
1
0
0
1
1
1
1
1
0
0
0
0
1
0
0
1
0
1
1
0
0
1
0
1
1
0
1
1
0
0
1
1
1
1
1
1
0
0
1
1
0
0
1
0
0
0
1
1
0
0
0
0
0
1
1
0
1
0
1
0
1
0
1
1
1
0
1
1
0
1
1
0
1
0
0
1
0
1
1
0
1
1
0
1
1
0
1
0
0
1
1
1
0
0
0
0
0
1
1
1
1
1
0
0
0
0
0
0
1
1
1
0
10721414949
1
0
1
0
0
1
0
0
1
1
1
1
0
0
1
1
1
1
0
1
0
0
0
0
1
1
1
1
1
1
1
0
0
1
657509795
1534529958
1
1
0
0
0
1
0
1
1
0
1
1
0
0
1
1
0
0
0
0
1
1
0
0
1
1
1
0
0
1
0
0
1
0
1
1
0
1
1
0
1
0
0
0
0
1
0
0
0
0
0
0
0
1
1
1
0
0
0
0
1
0
1
1
0
0
1
0
1
1
0
0
0
1
0
0
0
1
1
1
0
1
1
1
0
1
1
0
1
1
0
1
0
1
0
1
1
1
1
1
0
0
0
1
1
1
0
1
1
0
0
0
0
1
0
4117332226
0
1
0
0
0
0
0
0
1
0
0
0
0
0
0
1
1
0
0
1
0
1
1
0
1
0
1
0
1
1
1
1
0
0
780058051
2657735319
1
1
0
0
0
0
1
1
1
0
1
1
1
1
0
1
0
1
1
1
1
1
1
0
0
1
1
1
0
1
0
0
1
0
1
0
1
0
1
0
1
1
0
0
1
0
0
1
0
0
0
0
0
1
0
1
0
1
1
0
1
1
1
1
0
1
0
0
1
0
1
0
0
1
0
1
1
1
0
0
1
0
1
1
0
0
1
1
1
1
0
0
1
0
0
1
0
0
1
1
0
0
0
0
0
1
0
0
0
0
1
1
0
1
1
6642819210
0
1
0
1
0
0
0
1
0
0
0
0
0
1
1
0
1
0
0
0
1
1
1
1
1
1
0
1
0
0
0
1
1
0
778812350
4036787833
0
1
1
1
1
1
0
1
1
1
0
1
1
1
0
1
1
1
0
1
0
1
1
0
0
1
1
1
0
1
0
0
0
1
0
1
0
0
0
0
1
0
1
1
0
0
0
0
1
1
0
1
1
0
1
0
1
0
1
1
0
1
0
0
1
1
1
1
0
0
1
1
1
1
1
1
0
0
0
1
1
1
0
0
1
0
0
0
0
1
1
1
1
1
0
0
1
1
0
0
0
0
0
1
0
0
1
0
0
1
0
0
0
0
1
11970596068
0
0
1
0
0
1
1
1
0
0
1
1
0
0
1
1
0
0
0
0
0
0
0
1
1
0
0
1
0
0
1
1
0
1
3284034665
2625038558
1
0
0
1
0
1
1
0
0
0
1
0
0
1
1
0
0
1
1
1
1
1
0
1
1
1
0
0
0
0
1
1
1
1
1
0
1
0
1
1
1
0
0
0
1
1
1
0
0
0
0
1
1
1
1
1
1
1
0
1
0
0
1
1
1
1
0
1
1
0
0
0
1
0
1
1
1
0
1
1
0
1
1
1
0
0
0
1
1
1
0
0
1
0
1
1
0
0
0
0
1
0
0
1
0
1
0
0
0
0
0
1
0
1
0
6973283800
0
0
0
1
1
0
1
1
1
0
1
1
1
0
1
1
1
1
0
0
0
1
0
1
1
1
1
1
1
0
0
1
1
0
3344561287
2145164739
1
1
1
0
0
0
0
1
0
0
1
0
1
1
1
1
1
0
0
1
1
0
1
0
1
1
1
0
0
0
1
1
0
0
1
0
0
0
0
1
1
1
1
0
0
0
0
1
1
1
0
0
0
0
0
0
1
1
1
0
1
1
1
0
0
0
0
1
1
1
0
1
1
1
0
0
1
0
0
1
1
1
0
1
1
1
1
1
1
1
1
1
0
0
0
0
0
1
1
1
1
1
0
1
1
1
1
1
1
0
1
1
1
0
1
7025138586
0
1
0
1
1
0
0
1
1
1
0
1
1
0
0
0
1
1
0
1
1
1
0
1
0
1
0
0
0
1
0
1
1
0
2236860725
2507191506
1
0
1
0
1
1
0
0
1
0
0
1
0
0
1
1
1
1
0
0
1
0
1
0
1
0
1
0
0
0
0
1
1
0
1
0
1
1
1
1
1
0
0
1
0
0
0
0
1
1
1
1
0
1
0
1
1
1
1
0
0
0
1
0
0
1
0
1
1
0
0
1
0
1
1
0
1
0
0
0
0
1
1
1
0
1
0
1
0
1
0
0
1
1
0
1
0
0
1
0
0
0
0
1
1
1
0
1
0
1
1
1
0
1
0
9610167283
1
1
0
0
1
1
1
1
1
1
0
0
0
0
0
1
1
1
1
1
0
0
1
1
0
0
1
1
1
1
0
0
0
1
701132962
4002851788
0
1
0
0
0
1
0
1
0
0
0
0
1
1
1
0
0
1
0
1
0
0
1
1
1
0
0
1
0
1
0
0
0
0
0
0
1
0
1
1
0
1
1
0
1
1
1
1
1
0
0
0
1
0
0
1
0
1
1
1
0
0
0
1
1
0
0
1
1
1
1
0
1
0
1
0
1
0
1
1
0
1
0
0
1
0
1
1
1
0
1
1
1
0
1
0
1
0
0
0
0
1
0
1
0
0
0
0
0
0
1
1
1
1
1
7236415894
0
1
1
0
1
0
0
1
1
0
0
0
1
1
1
1
0
1
0
0
1
0
1
0
1
1
1
1
0
1
0
1
1
0
3751133961
831048222
1
0
0
1
0
0
0
0
1
1
0
0
0
0
1
1
1
0
1
0
1
0
0
1
1
1
1
1
1
0
1
1
1
1
0
0
0
0
0
1
0
0
0
0
1
1
1
0
0
0
0
1
0
0
1
0
0
1
0
1
0
0
1
1
1
1
0
0
0
0
1
0
1
0
0
1
1
0
0
0
1
0
0
0
1
1
0
0
0
1
1
0
0
0
1
1
1
1
1
1
1
1
0
0
1
1
1
1
1
1
1
1
0
0
0
9687024058
0
1
0
1
1
1
0
1
1
0
0
0
0
0
1
0
0
0
1
0
0
1
1
0
1
0
0
0
0
0
1
0
0
1
1739496423
651319039
1
1
1
0
0
1
1
1
1
1
0
1
1
0
0
1
0
1
1
1
0
1
0
1
1
1
1
0
0
1
1
0
1
1
0
0
0
1
1
0
1
0
0
1
0
0
0
0
1
1
0
1
0
0
0
1
1
1
1
1
0
1
1
1
1
1
1
1
1
0
1
1
0
1
0
1
0
0
1
0
0
1
0
1
1
0
1
1
0
0
1
0
0
1
1
0
0
0
0
1
0
0
1
0
0
0
0
0
1
1
0
0
1
1
1
7673475014
0
1
1
0
0
0
1
1
1
1
1
1
0
1
1
1
1
1
1
1
1
0
1
0
1
0
0
1
0
0
1
1
1
0
578695108
2834968974
0
0
1
0
0
0
1
1
1
1
1
1
0
1
0
0
0
1
1
1
1
1
1
0
0
1
0
0
0
1
0
0
1
1
0
0
1
1
1
1
0
1
0
0
0
0
0
0
0
1
1
1
0
1
1
0
0
1
0
0
0
0
1
1
1
0
0
0
1
1
0
0
0
1
1
0
0
0
1
0
1
1
1
1
1
0
0
0
1
0
1
0
1
0
1
1
1
1
0
0
1
0
0
0
1
0
1
1
0
0
1
0
1
0
1
7887766107
1
1
0
1
1
0
1
0
0
1
0
0
0
0
1
1
1
0
1
0
0
1
0
0
0
1
1
0
1
0
1
1
1
0
717870437
170519167
1
0
1
0
0
1
1
0
1
0
1
0
1
0
1
1
1
0
0
1
0
0
1
1
0
1
0
1
0
1
0
0
0
1
0
1
1
0
1
1
0
1
1
0
1
1
0
0
1
0
0
1
1
1
0
1
0
1
1
0
1
1
1
1
1
1
1
1
0
0
1
0
1
0
1
1
1
1
0
0
1
0
1
0
0
0
1
0
1
0
0
0
0
0
0
1
0
0
0
0
1
1
0
1
1
1
1
0
1
1
1
0
1
1
0
3575187320
0
0
0
1
1
1
1
0
1
1
1
0
0
0
0
0
1
0
0
1
1
0
0
0
1
0
1
0
1
0
1
1
0
0
3494544273
1498618022
1
0
0
0
1
0
0
1
1
1
0
0
0
0
0
1
0
1
0
1
0
0
1
0
0
0
0
0
1
0
1
1
1
1
1
1
0
0
1
1
0
0
0
1
1
0
0
1
1
1
1
0
1
1
1
1
0
0
1
0
1
0
1
1
0
0
1
0
1
0
0
0
1
1
0
0
0
1
1
0
0
1
0
1
0
1
0
0
1
1
0
1
0
0
1
1
0
1
0
1
1
1
0
0
0
1
0
0
1
0
1
1
0
0
1
11540616649
1
0
0
1
0
0
1
1
1
0
1
0
1
0
1
1
1
1
1
1
1
0
1
1
1
1
1
1
0
1
0
1
0
1
901831310
2741384814
0
1
1
1
0
0
0
1
0
1
0
1
1
0
1
1
0
0
0
0
0
0
1
1
1
0
1
0
1
1
0
0
0
1
0
0
0
1
1
1
1
0
0
0
0
1
0
1
0
1
0
1
0
1
1
1
0
1
1
0
1
0
1
1
1
0
1
1
0
0
1
1
0
1
1
0
0
0
1
1
0
0
1
1
0
1
1
0
0
0
1
0
1
1
1
1
1
0
1
0
0
0
0
0
0
1
1
1
0
1
1
0
0
1
0
5299466208
0
0
0
0
0
1
1
1
1
1
1
1
0
1
1
0
1
1
1
1
1
0
1
1
1
1
0
1
1
1
0
0
1
0
1638769836
276174305
0
0
1
1
0
1
0
1
0
0
1
0
0
1
0
1
1
0
1
1
0
1
0
1
1
0
0
0
0
1
1
0
0
1
1
0
1
0
0
0
1
0
0
1
0
0
1
0
1
1
0
1
0
0
1
0
0
1
0
0
1
1
0
0
0
0
1
1
1
1
0
1
0
1
0
0
0
0
1
1
0
1
1
1
0
0
0
0
0
1
0
0
0
0
0
1
0
1
0
0
0
0
1
0
0
0
1
1
1
1
0
1
1
1
0
5281318787
1
1
0
0
0
0
0
1
1
1
1
0
0
0
0
1
0
1
0
1
0
0
1
1
0
1
0
1
1
1
0
0
1
0
3067490744
1510141263
0
0
0
1
1
1
0
1
1
0
0
0
1
1
0
0
0
1
1
0
1
0
1
1
0
1
1
0
1
1
0
1
0
0
1
1
1
0
1
0
0
0
0
1
0
0
1
0
1
1
1
0
1
1
0
0
1
0
0
1
1
1
1
1
1
0
0
1
0
1
0
1
1
0
1
1
1
0
1
0
0
0
0
0
0
0
1
0
1
1
0
1
0
0
0
1
0
1
0
0
1
0
1
0
1
1
0
0
0
0
0
1
1
0
0
8345931413
1
0
1
0
1
0
0
1
0
1
1
1
0
0
1
1
0
0
1
0
1
1
1
0
1
0
0
0
1
1
1
1
1
0
2064080504
322914461
0
0
0
1
1
1
1
0
0
1
1
1
1
0
1
0
1
1
1
0
0
0
0
0
1
1
0
1
1
1
1
0
0
0
0
1
1
0
1
0
0
1
1
1
0
1
1
0
0
1
0
1
0
1
0
1
1
0
1
0
0
1
0
1
1
1
0
0
1
0
0
0
1
0
0
1
0
1
1
1
1
1
1
0
0
1
1
0
0
1
0
0
0
0
0
1
1
1
1
0
0
0
1
0
1
1
1
1
1
1
0
0
0
1
1
7896983040
0
0
0
0
0
0
0
0
0
1
1
0
0
1
1
0
0
1
0
0
1
1
0
1
0
1
1
0
1
0
1
1
1
0
1548446764
4272167847
0
0
1
1
0
1
0
0
0
0
1
1
0
1
1
0
1
1
0
1
0
0
1
0
0
0
1
1
1
0
1
0
1
0
1
1
1
1
0
0
0
0
0
0
0
0
1
0
1
0
1
0
1
1
0
0
1
0
1
1
0
1
1
1
0
0
1
0
1
1
1
0
1
1
0
0
0
0
0
1
0
0
1
0
1
0
1
1
1
1
1
1
1
0
0
1
0
1
0
0
1
0
1
1
0
0
0
1
0
0
0
0
1
1
0
13530745648
0
0
0
0
1
1
0
0
1
1
0
1
0
0
1
1
0
1
1
1
1
1
1
0
0
1
1
0
0
1
0
0
1
1
3818531429
2146819350
1
0
1
0
0
1
1
0
0
1
0
1
0
1
0
0
0
1
0
1
1
0
0
1
1
1
0
0
0
1
1
1
1
0
0
1
1
1
1
1
1
1
0
0
1
1
0
0
0
1
0
1
0
1
0
1
0
1
0
1
1
0
1
1
0
1
0
0
0
1
0
1
1
1
0
1
1
1
0
1
0
1
1
1
1
1
1
1
1
1
1
1
0
1
1
1
1
0
0
0
1
1
0
0
0
1
1
1
0
0
0
0
0
0
0
11888390013
1
0
1
1
1
1
1
0
1
1
1
1
0
1
1
0
0
1
0
1
1
0
0
1
0
0
1
0
0
0
1
1
0
1
1438456808
3170338882
0
0
0
1
0
1
1
1
1
1
0
1
1
0
0
0
1
0
1
1
1
1
0
1
1
0
1
0
1
0
1
0
1
1
0
0
1
0
1
0
0
0
0
0
0
1
1
0
1
0
0
1
0
0
1
0
0
1
1
0
0
0
1
0
0
0
0
1
0
0
0
0
1
0
0
0
1
1
1
1
0
1
1
1
1
0
0
1
1
1
1
0
1
0
0
0
0
1
1
1
1
1
1
1
0
1
0
0
0
0
1
1
1
1
1
10940139223
1
1
1
0
1
0
1
1
0
1
1
0
0
0
1
0
1
0
1
0
1
0
0
0
0
0
1
1
0
0
0
1
0
1
3891576298
2053143621
0
1
0
1
0
1
1
1
1
0
1
1
1
1
0
1
0
0
1
0
1
1
1
1
1
1
1
0
0
1
1
1
1
0
0
1
1
0
0
1
0
1
1
1
1
0
1
1
1
1
0
0
0
1
0
1
1
1
0
0
1
1
0
1
0
0
0
1
0
0
0
1
1
1
1
1
0
0
0
0
0
0
1
1
0
0
1
0
1
1
1
1
0
0
1
1
1
1
0
1
1
0
1
0
1
1
0
1
0
1
0
0
0
1
0
9627535335
1
1
1
0
0
1
1
1
1
1
1
0
0
0
0
1
0
0
0
1
1
0
1
1
1
0
1
1
1
1
0
0
0
1
18653258
194130649
0
1
0
1
0
0
1
0
0
0
0
0
0
1
0
1
0
0
1
1
1
0
0
0
1
0
0
0
0
0
0
0
0
0
1
0
1
1
0
0
0
0
0
0
1
0
1
0
1
0
1
0
0
0
0
1
0
1
1
0
0
1
0
0
1
1
0
1
1
0
1
0
0
1
1
0
0
0
1
0
0
1
0
0
1
1
1
0
1
0
0
0
0
0
0
0
1
0
0
0
1
1
1
1
0
1
1
0
0
1
0
0
0
1
1
3929306688
0
0
0
0
0
0
1
0
0
1
1
0
1
1
1
0
0
0
1
0
1
1
0
0
0
1
0
1
0
1
1
1
0
0
2228310021
1392512886
1
0
1
0
0
0
0
0
0
0
0
0
1
0
1
0
1
0
0
0
1
0
1
1
0
0
1
0
0
0
0
1
1
1
1
0
1
1
0
0
0
1
1
1
0
0
0
0
1
1
0
1
1
1
0
0
1
0
0
0
1
0
1
1
0
1
1
1
0
1
1
1
1
0
0
0
0
0
0
0
0
0
0
0
0
1
1
0
0
1
0
1
0
1
1
1
0
1
0
1
0
1
0
0
1
1
1
1
0
1
1
1
1
0
0
8692019715
1
1
0
0
0
0
0
0
0
1
0
0
1
1
0
1
1
0
1
0
1
0
0
0
0
1
1
0
0
0
0
0
0
1
1824575725
3050497345
1
0
1
1
0
1
1
1
0
0
0
0
1
0
1
1
0
0
0
0
0
0
1
1
0
0
1
1
0
1
1
0
0
1
0
1
1
0
1
1
0
0
0
1
1
0
1
0
0
0
1
1
0
1
1
1
0
0
1
0
0
1
0
0
0
0
0
1
0
1
0
1
0
0
1
1
1
0
1
0
0
1
0
1
1
1
0
1
0
1
1
0
1
0
0
1
1
1
0
1
0
0
0
0
1
0
1
1
0
0
0
0
1
0
1
11418537412
0
0
1
0
0
0
1
1
1
0
1
1
0
0
0
0
1
0
0
1
1
0
0
1
0
0
0
1
0
1
0
1
0
1
1
0
1
1
0
0
1
0
0
0
0
1
0
0
0
1
0
0
0
1
0
0
0
0
0
0
1
1
1
1
0
0
0
1
0
0
0
1
0
1
0
1
0
0
0
1
1
1
1
1
1
0
0
0
1
1
0
0
0
1
1
0
1
1
3458249854
898049835
0
1
1
1
1
1
1
0
0
0
1
0
1
1
0
1
0
0
0
0
0
1
0
0
0
1
1
1
0
0
1
1
0
1
1
0
1
0
1
1
1
0
0
1
0
1
0
0
1
0
0
1
1
1
0
1
1
0
0
1
0
1
1
1
1
1
0
1
0
1
0
0
1
1
1
0
0
1
0
0
1
1
1
0
0
0
0
1
1
0
1
0
1
1
0
0
1
1
0
0
0
0
0
1
0
0
0
1
1
0
0
0
0
1
1
1
0
1
0
1
0
1
0
0
1
1
0
1
528861580
0
0
1
1
0
0
0
1
1
0
0
1
0
0
1
1
1
0
1
0
0
0
0
1
1
1
1
1
1
0
0
0
980412007
1
1
1
0
0
1
1
0
0
1
1
0
0
1
1
1
1
1
1
1
0
1
1
0
0
1
0
1
1
1
0
0
2773480762
1541459225
9597126733
7931945634
1007192141
3636978338
0
1
0
1
0
0
0
0
0
0
1
1
1
0
1
1
0
0
0
1
1
0
1
1
1
1
1
0
1
1
1
0
0
1
0
0
0
0
0
1
1
0
1
1
1
1
1
0
0
0
1
1
0
1
1
0
0
1
1
1
1
1
0
0
1
1
1
0
1
1
793441959
3167311386
1
1
1
0
0
1
0
1
0
1
1
0
1
1
1
1
0
1
0
1
0
0
1
0
1
1
1
1
0
1
0
0
1
1
1
0
1
0
1
0
0
1
0
0
0
0
1
1
1
1
0
1
0
1
1
0
1
0
1
1
0
0
0
0
0
1
0
1
1
0
0
0
0
1
1
0
1
0
1
0
1
0
0
1
0
0
1
1
0
0
1
1
1
1
0
1
0
1
1
0
1
1
1
0
1
1
1
0
0
0
0
0
0
0
0
1
1
1
0
0
1
1
1
1
1
0
1
1
1392921134
0
1
1
1
0
1
0
0
0
1
0
1
0
0
1
0
0
1
1
0
0
0
0
0
1
1
0
0
1
0
1
0
973712965
1
0
1
0
0
0
1
0
0
1
1
1
0
1
0
1
1
0
0
1
0
0
0
0
0
1
0
1
1
1
0
0
1013904242
528734635
8755569520
8002318838
165634928
3707351542
0
1
0
1
0
0
0
1
0
1
0
0
0
0
0
1
0
0
0
0
0
0
1
1
0
0
0
0
0
1
0
0
0
0
1
0
1
1
0
1
0
1
0
1
0
0
0
0
0
1
1
1
1
0
0
1
1
0
0
1
1
0
1
1
1
1
1
1
1
1
1685739008
2574287519
0
0
0
0
0
0
0
0
0
1
1
0
1
0
1
0
0
1
0
1
1
1
1
0
0
0
1
0
0
1
1
0
1
1
1
0
0
1
0
0
0
1
1
0
1
0
0
1
1
1
1
0
1
1
1
1
1
0
0
1
1
0
0
0
1
1
1
1
1
0
0
1
0
1
0
0
0
0
0
1
0
0
0
0
1
1
1
0
1
0
0
1
1
0
0
1
1
0
0
0
1
1
1
1
1
0
0
1
1
1
1
0
0
0
0
1
0
1
0
1
1
0
1
0
0
1
1
1
3653755563
1
1
0
1
0
1
0
1
0
1
0
0
0
1
1
1
1
1
1
0
0
0
1
1
1
0
0
1
1
0
1
1
671736421
1
0
1
0
0
1
1
0
0
1
0
0
0
1
1
1
1
0
0
1
0
0
0
0
0
0
0
1
0
1
0
0
3144134277
2600822924
16383148554
17169807402
3498246666
4284905514
1
1
0
1
1
0
0
1
1
0
1
1
0
0
1
1
0
0
1
1
0
1
1
0
1
1
0
0
1
0
0
1
1
0
1
1
1
1
1
0
1
1
1
1
1
0
1
1
1
0
0
1
0
0
0
1
1
1
0
0
1
0
1
1
1
1
1
0
0
1
2826858456
496918608
0
0
0
1
1
0
1
1
1
1
1
1
0
1
1
0
0
1
1
1
1
1
1
0
0
0
0
1
0
1
0
1
0
1
0
1
1
0
0
1
0
0
1
0
0
0
1
0
0
1
1
0
1
1
1
0
0
0
1
0
0
1
0
1
0
0
0
0
1
0
1
0
0
0
0
0
0
1
1
0
0
1
1
1
1
0
0
1
1
0
1
1
1
0
0
0
1
1
1
1
0
1
0
0
1
0
1
0
1
1
1
0
0
1
0
0
0
1
0
1
0
1
1
1
0
1
0
1
3705778850
0
1
0
0
0
1
0
1
0
1
0
0
1
1
0
1
1
0
0
0
0
1
1
1
0
0
1
1
1
0
1
1
411763272
0
0
0
1
0
0
1
0
0
1
0
0
0
0
0
0
1
1
0
1
0
0
0
1
0
0
0
1
1
0
0
0
1779033703
1359893119
12722221878
11262633853
4132287286
2672699261
0
1
0
0
1
0
0
1
0
1
0
1
1
0
0
0
1
1
0
0
1
0
0
0
1
0
0
1
0
0
0
1
1
1
0
0
0
0
0
0
1
1
0
0
0
0
0
0
1
1
0
1
0
1
1
0
1
0
1
1
1
0
0
1
1
0
0
1
1
0
317195641
3202183062
1
0
0
1
1
1
1
0
1
0
1
0
0
0
0
0
0
0
0
1
0
1
1
1
0
1
0
0
1
0
0
0
0
0
0
0
0
1
0
1
0
1
1
1
1
0
1
1
0
0
1
0
0
1
0
0
0
0
1
0
0
1
0
0
0
1
1
0
1
0
0
1
1
1
1
1
0
1
1
0
1
0
1
1
1
0
1
1
0
1
1
1
1
1
0
1
1
0
0
1
1
0
1
0
1
0
0
0
1
0
1
1
0
1
1
1
0
0
1
1
1
0
0
1
1
0
0
0
3757551786
0
1
0
1
0
1
0
1
0
0
0
0
1
1
0
1
1
1
1
0
1
1
1
1
1
1
1
1
1
0
1
1
3503235890
0
1
0
0
1
1
0
0
1
1
0
0
0
1
0
0
1
1
1
1
0
0
1
1
0
0
0
0
1
0
1
1
1007192141
3636978338
17417129066
14603889676
237259882
1718987788
0
0
1
1
1
0
0
1
1
1
0
1
1
0
1
0
0
0
1
1
1
1
1
0
1
1
0
0
1
1
1
0
0
1
0
0
1
0
0
0
1
0
1
1
0
1
0
0
0
1
0
0
0
1
1
1
1
1
1
1
0
1
1
1
0
1
0
0
0
0
1911081472
2328043062
0
0
0
0
0
0
0
0
0
1
0
1
0
0
1
1
0
0
0
1
0
1
1
1
1
0
0
0
1
1
1
0
0
0
0
1
1
1
0
0
0
1
0
0
0
1
1
0
1
0
0
1
1
0
1
1
0
0
0
0
0
1
1
1
0
1
1
0
1
1
0
0
0
1
1
1
1
0
0
0
1
1
0
0
0
0
1
1
0
1
0
1
0
0
0
1
1
0
1
0
0
0
0
0
0
0
0
1
1
0
0
0
1
0
1
0
1
0
0
0
0
0
0
0
1
1
0
1
2672194606
0
1
1
1
0
1
0
0
0
0
1
0
1
1
1
0
0
1
1
0
0
0
1
0
1
1
1
1
1
0
0
1
3590652458
0
1
0
1
0
1
0
0
0
1
0
0
0
0
0
0
1
0
1
0
0
0
0
0
0
1
1
0
1
0
1
1
165634928
3707351542
18418102638
13082003636
1238233454
197101748
0
0
1
1
1
0
1
0
1
1
1
1
0
0
0
0
0
1
0
0
0
1
0
0
0
0
0
1
0
1
0
0
1
1
0
1
0
0
0
1
1
0
0
0
1
1
1
0
1
1
0
0
0
0
1
0
0
0
1
0
0
0
0
0
0
0
0
0
0
1
784632595
426496982
1
1
0
0
1
0
0
0
1
1
0
1
0
0
0
1
0
0
1
0
0
0
1
1
0
1
1
1
0
1
0
0
0
0
1
0
1
1
0
0
0
1
0
0
1
1
0
0
1
0
0
0
0
0
0
0
1
0
0
1
1
0
0
0
0
1
1
0
1
0
1
1
1
1
0
0
1
0
1
1
1
1
0
1
0
1
1
0
1
0
0
1
1
0
0
0
1
1
0
0
1
0
1
1
1
0
0
1
0
0
0
1
1
1
1
1
0
1
0
1
0
1
1
0
0
0
1
1
2524294989
1
0
1
1
0
0
1
0
1
1
1
1
0
1
0
1
1
0
1
0
1
1
1
0
0
1
1
0
1
0
0
1
1313730926
0
1
1
1
0
1
1
0
1
0
0
0
1
1
1
1
1
0
1
1
0
0
1
0
0
1
1
1
0
0
1
0
3498246666
4284905514
13633620029
15033503174
748718141
2148601286
1
1
0
1
1
0
1
1
1
1
1
1
0
0
0
0
0
1
1
1
1
0
0
1
1
1
1
0
1
0
0
1
1
0
0
0
1
0
0
1
1
1
0
0
1
0
1
1
1
1
0
1
0
1
1
0
1
0
0
1
0
0
1
1
1
0
0
1
0
1
2296492985
2857805142
1
0
0
1
1
1
0
1
1
1
0
0
1
1
0
1
1
0
0
0
0
1
1
1
0
0
0
1
0
0
0
1
1
1
0
1
0
0
0
0
1
1
1
0
0
0
1
0
1
0
0
0
0
0
1
1
0
1
0
1
0
0
0
0
0
1
1
0
1
0
1
0
1
0
1
0
0
1
0
1
0
1
1
0
1
0
1
0
0
1
0
1
0
1
0
1
0
1
1
0
1
0
0
0
0
1
1
0
0
0
1
0
0
0
0
0
1
0
1
1
0
1
0
0
0
1
0
1
1718986892
0
0
1
1
0
0
0
1
0
0
0
1
0
1
0
1
1
0
1
0
1
1
1
0
0
1
1
0
0
1
1
0
212125806
0
1
1
1
0
1
1
0
0
0
0
1
0
0
1
1
0
0
1
0
0
1
0
1
0
0
1
1
0
0
0
0
4132287286
2672699261
14065498175
15689166670
1180596287
2804264782
1
1
0
1
1
0
1
0
0
1
1
0
0
0
0
0
1
0
0
0
0
1
0
1
0
0
1
0
0
0
1
1
1
1
1
1
0
0
1
1
1
1
1
0
1
0
0
1
1
0
0
0
0
1
0
0
1
1
1
0
1
1
0
1
1
0
1
0
0
1
1770869221
1100993883
1
0
1
0
0
1
1
1
1
0
0
0
1
0
1
0
1
0
1
1
0
0
0
1
1
0
0
1
0
1
1
0
0
0
1
1
1
1
1
1
0
0
1
1
0
1
0
1
1
0
1
1
0
1
1
0
0
0
0
0
1
0
0
0
1
1
0
1
1
0
1
0
1
0
1
0
1
0
1
1
1
1
1
1
1
0
0
1
1
0
0
0
0
0
1
0
0
0
0
1
0
0
0
0
0
1
0
0
1
1
1
0
0
0
0
1
0
0
1
0
1
1
0
0
1
0
1
1
2291863030
0
1
1
0
1
1
1
1
1
0
1
1
0
0
0
0
1
1
0
1
1
0
0
1
0
0
0
1
0
0
0
1
1288501311
1
1
1
1
1
1
0
0
0
0
0
1
1
1
1
1
0
0
1
1
0
0
1
1
0
0
1
1
0
0
1
0
237259882
1718987788
13943079961
11120969311
1058178073
2531034719
1
1
0
0
1
0
0
0
0
0
1
1
1
0
1
1
1
1
1
1
0
1
0
1
0
0
0
1
1
0
1
1
0
0
1
0
1
1
1
1
0
0
1
1
0
0
1
1
0
1
0
1
1
1
0
0
0
0
0
0
0
0
0
1
0
1
0
0
1
1
622673262
3689580098
0
1
1
1
0
1
1
0
1
0
1
1
1
1
0
0
1
0
1
1
1
0
0
0
1
0
1
0
0
1
0
0
0
1
0
0
1
0
0
1
1
0
0
1
1
0
1
0
1
0
1
1
0
0
0
0
1
1
1
1
0
1
1
0
0
1
0
0
0
0
1
0
0
1
1
0
0
0
0
1
0
1
0
1
0
1
1
1
1
1
0
1
1
0
1
1
1
0
0
1
0
0
0
1
1
0
0
1
0
1
0
1
1
0
0
1
0
1
0
1
1
0
1
0
1
1
0
1
2248511438
0
1
1
1
0
0
1
1
1
1
1
1
0
0
0
1
1
0
1
0
0
0
0
0
0
1
1
0
0
0
0
1
772966461
1
0
1
1
1
1
0
0
0
0
0
1
0
0
0
1
0
1
0
0
1
0
0
0
0
1
1
1
0
1
0
0
1238233454
197101748
7841431408
7684025139
3546464112
3389057843
1
0
0
1
0
0
0
0
1
0
1
1
1
1
1
1
1
0
0
1
0
1
1
1
0
0
0
0
0
1
1
0
0
0
1
0
0
1
0
0
1
0
1
1
1
0
0
0
1
1
1
1
1
0
1
0
1
1
0
1
0
0
1
0
0
0
0
1
0
0
1168373636
2837764692
0
0
1
0
0
0
0
1
1
1
1
0
1
1
1
1
1
1
0
0
0
1
0
1
1
0
1
0
0
0
1
0
1
0
0
1
0
0
1
1
0
0
1
0
1
1
0
0
0
1
1
1
1
0
1
0
1
1
1
1
0
0
1
1
0
0
1
0
1
0
1
0
0
1
0
1
1
0
1
1
0
0
1
0
0
1
0
0
1
0
0
1
0
1
0
1
1
0
0
0
1
1
0
1
1
1
0
0
0
0
1
0
1
0
0
0
1
0
1
0
1
0
0
1
0
1
0
1
2804254303
1
1
1
1
1
0
1
0
0
1
1
0
0
0
0
1
1
0
1
0
0
1
0
0
1
1
1
0
0
1
0
1
1465039929
1
0
0
1
1
1
0
0
0
0
1
1
1
1
0
1
0
1
0
0
1
0
1
0
1
1
1
0
1
0
1
0
748718141
2148601286
11031259124
9146563700
2441324532
556629108
0
1
0
0
1
0
0
0
0
0
1
1
0
1
0
0
0
0
0
1
0
0
0
0
0
0
0
1
0
0
0
0
1
0
0
0
0
0
1
0
0
1
1
0
1
1
1
0
0
1
1
1
0
0
0
0
0
0
0
1
0
0
0
1
0
0
0
1
0
1
358332326
3367938638
0
1
1
0
0
1
0
1
1
1
1
0
1
1
0
1
1
1
0
1
1
0
1
0
1
0
1
0
1
0
0
0
0
0
0
0
0
1
1
1
1
0
1
0
0
1
1
0
0
0
1
0
0
0
1
1
1
1
0
1
1
0
0
0
0
1
1
1
0
0
1
0
0
1
0
1
0
1
0
1
0
1
1
1
1
1
0
1
0
0
0
1
0
0
1
1
0
1
1
1
1
0
1
0
0
0
0
0
1
0
0
1
0
0
0
0
0
0
0
0
0
1
1
1
1
0
1
0
2530273851
1
1
0
1
1
1
0
0
0
1
0
1
0
1
1
1
0
0
0
0
1
0
1
1
0
1
1
0
1
0
0
1
2466424688
0
0
0
0
1
1
1
0
1
1
1
0
0
1
0
1
0
1
0
0
0
0
0
0
1
1
0
0
1
0
0
1
1180596287
2804264782
12954116272
11309955545
69214384
2720020953
1
1
0
0
1
0
1
1
0
0
0
1
0
1
1
1
1
0
1
0
0
1
1
0
0
1
0
0
0
1
0
0
1
0
1
0
1
1
1
1
1
1
0
0
0
1
0
1
0
1
0
0
0
1
0
1
1
1
0
1
1
0
0
1
1
1
1
1
1
1
2215307581
1302341681
1
0
1
1
1
1
0
0
1
0
0
1
0
1
1
1
0
1
0
1
0
0
0
0
0
0
1
0
0
0
0
1
1
0
1
1
0
1
0
0
1
0
0
1
0
1
0
0
0
0
0
1
0
0
0
1
0
0
1
0
0
0
0
0
1
0
0
0
1
1
0
0
0
0
0
1
0
1
0
0
0
0
0
0
0
1
0
1
1
0
1
1
0
0
1
0
0
0
0
0
0
1
1
1
0
0
1
0
0
0
1
1
0
0
1
1
1
1
0
1
1
0
1
1
1
0
1
0
1746991730
0
1
0
0
1
1
1
0
0
1
0
1
1
1
1
1
0
0
0
0
0
1
0
0
0
0
0
1
0
1
1
0
2434967536
0
0
0
0
1
1
1
1
1
1
1
0
0
1
0
1
0
1
0
0
0
1
0
0
1
0
0
0
1
0
0
1
1058178073
2531034719
12155721635
8563624591
3565787043
4268657295
0
1
0
1
0
0
0
0
1
0
1
0
1
1
0
0
0
0
0
0
1
0
0
0
0
1
0
1
0
0
0
1
0
1
0
0
1
0
0
1
1
1
1
0
0
1
1
0
0
1
0
0
0
0
1
1
1
0
0
1
0
1
0
1
0
1
1
0
0
0
1851936502
1497575428
0
1
1
0
1
1
1
1
0
1
1
1
0
0
1
0
0
1
0
0
0
1
1
0
0
1
1
1
0
1
1
0
0
0
1
0
0
1
0
1
1
0
0
0
0
0
1
1
0
0
1
1
1
1
0
0
0
0
0
1
0
0
1
0
0
0
1
0
0
0
0
0
0
0
0
0
1
1
0
0
1
1
0
0
0
0
1
0
1
0
0
1
1
0
1
0
1
1
0
1
1
1
1
1
1
1
1
0
1
1
1
0
0
1
1
0
0
0
0
0
0
1
1
1
0
1
1
0
2736880889
1
0
0
1
1
1
1
1
0
0
1
1
1
1
1
0
1
0
0
0
0
1
0
0
1
1
0
0
0
1
0
1
2491525040
0
0
0
0
1
1
0
1
1
1
1
0
0
1
0
1
1
0
0
0
0
0
0
1
0
0
1
0
1
0
0
1
3546464112
3389057843
14129053908
13332056478
1244152020
447154590
1
1
0
1
1
0
1
1
0
0
0
0
1
1
0
0
1
0
1
0
1
1
1
1
1
1
0
1
0
1
0
0
0
1
0
0
0
1
0
0
0
1
0
1
0
1
1
1
0
1
0
1
1
0
0
0
0
0
0
1
1
1
0
0
0
0
0
1
0
0
3039498335
405604298
1
1
1
1
1
0
1
0
0
0
0
0
1
0
0
0
1
1
0
1
0
1
0
0
1
0
1
0
1
1
0
1
1
1
1
0
1
1
1
0
1
0
0
0
0
0
1
0
0
0
0
1
0
1
0
0
0
0
1
0
1
0
0
0
0
1
0
1
0
0
1
1
1
1
1
0
0
0
0
0
1
0
1
1
0
1
0
0
0
0
0
1
1
0
0
0
1
1
1
0
0
0
1
1
0
0
0
1
0
0
1
1
1
0
0
1
0
1
0
1
1
1
0
1
0
0
1
0
3123067087
1
1
1
1
0
0
1
1
0
0
0
1
1
1
0
0
0
1
1
0
0
1
0
0
0
1
0
1
1
1
0
1
1143472304
0
0
0
0
1
1
0
1
0
0
0
0
0
0
0
0
0
0
0
1
0
1
0
0
0
0
1
0
0
0
1
0
2441324532
556629108
10883159235
9141513128
2293224643
551578536
0
1
0
0
1
0
0
1
1
1
1
1
0
1
0
1
0
0
1
0
0
1
1
1
0
1
0
1
0
0
0
0
1
1
0
1
0
1
1
1
1
1
1
1
0
0
0
0
0
0
0
1
0
0
1
0
1
1
1
1
0
0
0
0
1
1
0
1
1
1
4217683564
2779924915
0
0
1
1
0
1
1
0
0
1
1
1
1
1
0
1
0
0
1
0
0
1
1
0
1
1
0
1
1
1
1
1
0
1
1
1
0
0
1
0
0
0
0
0
1
1
0
1
1
1
1
0
1
1
0
0
0
0
1
0
0
0
1
0
1
1
0
0
1
1
0
1
1
0
0
1
0
0
1
0
0
1
0
0
1
1
0
1
1
0
1
0
0
1
0
1
1
1
0
0
0
1
0
1
1
0
1
1
1
0
0
1
1
1
1
0
0
0
0
1
1
0
1
0
1
0
1
1
3735980431
1
1
1
1
0
0
0
1
1
0
0
1
0
0
0
1
0
1
1
1
0
1
0
1
0
1
1
1
1
0
1
1
3366573251
1
1
0
0
0
0
1
1
0
0
1
0
1
0
1
1
1
0
0
1
0
1
0
1
0
0
0
1
0
0
1
1
69214384
2720020953
20068405950
12553363519
2888536766
3963428927
0
0
1
0
1
0
1
1
0
0
0
1
1
1
0
1
0
1
1
0
1
1
0
1
0
1
0
1
1
0
1
0
1
0
1
0
1
0
1
0
1
1
0
1
1
0
0
1
0
0
0
1
0
0
1
1
0
0
1
0
0
0
1
0
0
0
1
0
0
0
2427813699
3873270994
1
1
0
0
0
0
1
0
1
1
1
1
1
1
1
0
1
0
1
0
1
1
0
1
0
0
0
0
1
0
0
1
1
1
0
0
1
1
1
1
1
0
1
0
0
0
0
1
1
1
1
1
1
1
1
1
0
1
1
1
1
1
0
0
0
1
0
0
1
0
1
1
0
0
1
1
0
1
1
0
1
0
1
1
1
0
1
1
0
1
1
0
0
1
1
1
0
0
1
0
0
1
0
0
1
1
0
0
1
1
1
0
1
0
1
1
0
0
1
0
0
0
0
1
1
1
1
1
849488296
0
0
0
1
0
1
0
1
1
0
0
1
0
1
0
0
0
1
0
0
0
1
0
1
0
1
0
0
1
1
0
0
2284572886
0
1
1
0
1
0
1
1
0
0
0
0
1
0
1
1
1
1
0
1
0
1
0
0
0
0
0
1
0
0
0
1
3565787043
4268657295
18612935395
17466335853
1433066211
286466669
0
0
1
0
0
1
0
0
1
0
1
0
1
1
0
1
1
0
1
0
0
1
1
0
1
0
0
0
1
1
0
1
0
0
0
1
1
1
0
1
0
1
0
0
0
0
0
0
1
0
1
1
1
0
0
1
1
0
1
0
0
1
1
1
1
0
1
1
1
1
2838204603
1886869605
1
1
0
1
1
1
0
1
0
0
0
0
1
0
0
1
1
1
0
1
0
1
0
0
1
0
0
1
0
1
0
1
0
1
1
1
0
1
1
1
1
0
1
1
1
0
0
0
0
0
0
0
0
0
1
0
0
1
0
0
0
0
0
0
1
0
1
0
0
1
1
0
0
0
0
1
1
0
1
0
1
1
1
0
1
1
1
0
0
0
0
0
1
1
1
0
1
0
1
1
0
1
1
1
0
1
1
1
0
1
1
0
0
1
1
0
0
1
1
1
1
0
0
1
1
1
1
1
552692141
1
0
1
1
0
1
0
1
1
0
0
1
0
1
1
0
1
0
0
0
1
1
1
1
0
0
0
0
0
1
0
0
2351682275
1
1
0
0
0
1
1
1
0
1
0
0
1
0
1
1
1
1
0
1
0
1
0
0
0
0
1
1
0
0
0
1
1244152020
447154590
12394534612
8448799754
3804600020
4153832458
0
1
0
1
0
0
0
0
0
1
1
0
0
0
1
1
0
0
1
1
0
1
0
0
0
0
0
1
1
0
0
0
0
1
0
1
0
1
1
1
0
0
1
0
1
1
0
0
1
0
1
0
1
1
1
1
1
0
1
0
1
0
0
0
1
0
1
1
0
1
2555191314
1639624293
0
1
0
0
1
0
0
0
0
0
0
0
0
1
0
0
1
0
1
1
0
0
1
0
0
0
0
1
1
0
0
1
1
0
0
1
1
0
0
1
1
1
0
0
1
1
1
0
0
1
1
0
1
0
0
0
0
1
1
1
0
0
0
1
1
0
1
0
0
1
1
0
0
1
1
1
0
1
0
1
0
1
0
1
1
1
0
1
1
0
0
0
0
1
1
0
0
1
1
1
1
0
0
0
1
1
0
1
0
1
0
1
0
0
0
0
0
0
0
1
0
1
0
1
0
1
0
1
423305277
1
0
1
1
1
1
0
0
0
0
0
0
0
1
0
0
1
1
0
1
1
1
0
0
1
0
0
1
1
0
0
0
3832255222
0
1
1
0
1
1
1
1
0
1
0
0
1
0
0
1
1
1
0
1
0
1
1
0
0
0
1
0
0
1
1
1
2293224643
551578536
11414844184
7320622291
2824909592
3025654995
0
1
0
1
0
0
1
0
1
1
1
1
1
1
0
1
1
1
1
1
0
0
1
0
0
0
0
1
0
1
1
0
1
0
0
0
1
0
1
0
0
1
0
0
0
1
1
0
0
0
1
1
0
0
1
1
0
1
1
0
1
0
1
0
0
0
0
1
1
1
806423906
4283284595
0
1
0
0
0
1
1
0
1
0
1
1
0
0
0
0
1
0
0
0
1
0
0
0
0
0
0
0
1
1
0
0
1
1
0
0
0
0
1
1
1
1
1
1
0
1
1
0
1
0
1
1
1
0
1
1
0
1
0
0
1
1
0
1
1
1
0
0
1
1
1
0
0
0
1
1
1
1
0
1
1
0
1
1
0
0
1
0
1
1
1
1
1
1
1
1
1
0
0
1
0
1
0
1
1
0
1
0
1
0
1
1
1
1
1
0
0
1
0
1
0
0
1
0
1
0
1
1
3038148142
0
1
1
1
0
1
0
0
0
1
1
0
1
1
1
0
0
1
1
0
1
0
0
0
1
0
1
0
1
1
0
1
3764425424
0
0
0
0
1
0
1
1
0
1
0
0
1
0
0
1
0
0
0
0
0
1
1
0
0
0
0
0
0
1
1
1
2888536766
3963428927
18348064509
16665751945
1168195325
3780850057
0
0
1
1
1
0
1
0
1
0
0
1
0
0
0
1
1
1
0
1
1
1
0
0
1
1
0
0
1
1
1
1
0
0
1
0
1
0
0
0
1
1
0
0
0
1
0
1
0
1
1
1
1
0
0
0
1
1
1
0
1
1
1
0
1
0
0
1
0
1
578394016
3139535696
0
0
0
0
0
1
0
1
1
1
1
0
1
0
0
1
1
0
0
1
1
1
1
0
0
1
0
0
0
1
0
0
0
1
1
0
1
1
0
1
0
1
0
0
0
1
1
0
0
1
0
0
0
0
0
1
0
1
1
0
0
1
0
1
0
0
0
0
1
0
1
0
1
1
0
0
0
0
0
1
1
0
0
0
0
1
0
0
1
1
0
1
1
1
0
1
0
0
0
0
0
1
0
1
1
1
1
0
0
0
1
0
1
0
0
1
1
1
0
1
0
1
1
0
1
0
0
0
3067565187
1
1
0
0
0
0
0
1
0
0
1
0
1
0
1
0
1
1
1
0
1
0
1
1
0
1
1
0
1
1
0
1
3772888796
0
0
1
1
1
0
1
1
0
1
1
0
1
1
0
1
1
0
0
0
0
1
1
1
0
0
0
0
0
1
1
1
1433066211
286466669
14290841125
11372624524
1405939237
2782689932
1
1
0
0
1
0
0
1
0
1
1
1
1
1
0
0
1
0
1
1
1
0
1
0
0
0
1
0
0
1
0
1
0
0
1
0
0
1
0
0
0
0
1
1
1
1
0
0
1
1
1
0
0
0
1
0
1
0
1
0
0
0
1
0
1
1
1
0
0
0
375468193
2369686583
1
0
0
0
0
1
0
1
0
0
0
0
1
1
0
0
1
0
0
0
0
1
1
0
0
1
1
0
1
0
0
0
0
1
1
1
0
1
1
1
1
0
1
0
0
1
0
1
1
0
0
1
1
0
1
1
1
0
1
0
0
1
0
0
1
1
1
0
1
1
0
0
0
0
1
1
0
0
0
1
0
1
1
1
1
1
0
0
1
0
1
1
0
0
0
1
1
0
1
0
0
1
1
0
0
1
0
1
0
0
1
1
1
1
0
0
0
0
0
0
1
1
0
0
0
1
1
0
2975577307
1
1
0
1
1
0
1
1
0
0
1
0
1
1
0
1
1
1
0
1
1
0
1
0
1
0
0
0
1
1
0
1
1105247805
1
0
1
1
1
1
0
0
0
1
1
1
1
1
0
1
0
0
0
0
0
1
1
1
1
0
0
0
0
0
1
0
3804600020
4153832458
15343908090
17667792112
2459006202
487922928
1
1
0
0
0
1
1
1
1
0
0
0
0
0
0
0
0
0
1
1
0
1
1
1
1
0
1
1
0
1
0
1
0
0
1
0
0
0
1
1
0
0
0
1
0
0
0
0
0
0
0
0
1
1
1
1
0
0
1
1
1
1
0
0
0
0
0
1
0
0
1185096703
3573124830
1
1
1
1
1
1
1
1
1
1
0
0
0
1
0
0
1
1
0
0
0
1
0
1
0
1
1
0
0
0
1
0
1
0
1
0
1
1
0
1
1
0
0
1
0
0
1
1
0
0
0
0
1
1
1
0
1
1
0
0
0
0
0
0
0
1
1
1
1
0
1
1
0
1
1
1
0
0
0
1
1
0
0
1
1
1
1
1
0
0
1
0
1
0
1
1
0
0
0
0
1
0
1
1
0
1
1
0
1
1
1
1
1
1
1
0
1
1
1
0
0
1
1
1
1
0
1
0
3848157577
1
0
0
1
0
0
0
1
1
0
0
1
1
1
0
0
0
1
1
1
1
0
1
0
1
0
1
0
0
1
1
1
1400995581
1
0
1
1
1
1
1
1
0
1
1
1
1
1
1
0
1
0
0
0
0
0
0
1
1
1
0
0
1
0
1
0
2824909592
3025654995
17493897223
17732714531
314028039
552845347
0
0
1
0
0
1
1
1
0
1
0
1
1
0
1
0
0
1
1
1
0
0
0
1
1
0
1
0
0
1
1
0
0
0
1
0
0
1
1
1
0
1
0
0
1
0
0
1
1
1
1
0
0
0
0
0
1
1
0
0
1
0
0
1
0
1
0
1
0
0
2589287926
4043817192
0
1
1
0
1
1
1
1
1
0
1
0
0
1
1
0
1
0
1
0
1
0
1
0
0
1
0
1
1
0
0
1
0
0
1
1
1
1
0
1
1
0
0
1
1
1
1
0
1
0
1
0
1
0
0
1
0
0
1
0
0
0
1
0
0
0
0
1
0
1
1
1
0
0
0
0
0
0
1
1
1
1
1
0
0
0
0
0
1
0
0
0
1
1
1
1
0
0
0
1
1
1
1
0
1
0
0
0
1
0
1
1
1
1
1
0
0
1
1
1
0
0
0
1
0
0
0
1
2233285292
0
0
1
1
0
1
0
1
0
1
0
1
1
1
0
0
1
0
1
1
1
0
0
0
1
0
1
0
0
0
0
1
311817255
1
1
1
0
0
1
0
0
0
0
1
0
1
1
1
1
1
0
1
0
1
0
0
1
0
1
0
0
1
0
0
0
1168195325
3780850057
15327443307
13594533451
2442541419
709631563
1
1
0
1
1
0
0
1
1
0
0
1
0
1
1
0
1
0
1
0
1
0
0
1
0
0
1
1
0
1
1
0
1
1
0
0
0
0
1
1
0
0
1
1
0
1
0
1
1
0
0
1
1
0
1
1
0
1
0
0
0
0
1
1
1
0
1
0
1
0
2010950829
3284360303
1
0
1
1
0
1
0
1
0
0
1
1
0
1
0
1
0
0
1
1
1
0
1
1
1
1
1
0
1
1
1
0
1
1
0
1
0
1
1
1
0
1
0
0
0
0
0
0
1
0
0
1
1
1
0
0
1
1
1
1
0
1
0
0
1
1
1
1
0
1
1
0
0
0
1
1
1
0
1
0
1
1
0
0
0
0
1
1
1
1
0
0
0
0
1
1
0
1
0
1
1
1
1
1
1
0
0
1
1
1
1
0
0
0
1
1
0
0
1
1
1
0
1
0
0
1
1
1
894501043
1
1
0
0
1
1
0
1
0
0
0
0
0
0
0
0
1
0
0
0
1
0
1
0
1
0
1
0
1
1
0
0
2459381867
1
1
0
1
0
1
1
0
0
0
0
0
1
1
0
0
1
1
1
0
1
0
0
1
0
1
0
0
1
0
0
1
1405939237
2782689932
17409660326
14345266867
229791142
1460364979
0
0
1
1
1
0
1
0
1
0
0
0
1
0
0
1
1
1
1
0
0
1
0
1
0
1
1
0
0
0
1
0
0
0
1
1
0
1
1
1
0
1
0
0
1
0
1
0
0
0
0
0
0
1
1
1
0
1
0
1
1
1
0
1
0
1
0
0
1
0
3876217037
2659554653
1
0
1
1
0
0
1
1
0
0
0
0
0
1
1
0
0
1
0
1
0
0
0
0
1
1
1
0
0
1
1
1
1
1
0
1
1
1
1
1
0
0
0
1
1
1
1
1
0
0
1
1
1
0
1
0
0
1
1
1
0
1
0
0
1
0
1
1
1
0
1
0
1
0
1
0
1
0
0
1
1
0
1
0
0
0
0
1
0
1
1
1
1
0
0
1
0
1
1
0
1
1
1
1
0
0
1
1
0
0
1
1
0
1
1
0
1
1
0
0
1
1
0
1
1
0
0
0
586712579
1
1
0
0
0
0
0
0
0
1
1
0
0
0
0
1
0
0
0
1
1
1
1
1
0
1
0
0
0
1
0
0
297152807
1
1
1
0
0
1
0
0
1
0
0
0
1
1
0
0
0
1
1
0
1
1
0
1
1
0
0
0
1
0
0
0
2459006202
487922928
11561246277
9846882635
2971311685
1256948043
0
1
0
0
1
0
0
1
0
1
1
0
0
0
0
1
0
1
1
0
0
0
0
0
1
0
1
1
0
1
0
0
0
1
0
1
1
1
1
0
0
1
1
1
0
0
1
1
0
0
1
1
1
0
1
1
1
0
0
0
1
1
1
0
1
0
1
1
1
0
4094835073
1904367312
1
0
0
0
0
0
0
1
1
0
0
1
1
1
0
0
0
1
0
0
1
0
0
0
0
0
1
0
1
1
1
1
1
0
1
0
0
0
1
0
1
1
1
1
0
1
0
0
1
1
0
1
0
1
1
0
0
1
1
1
1
0
0
1
0
0
0
0
1
0
1
1
0
1
1
0
1
0
1
0
0
1
0
0
0
0
0
1
1
0
0
0
1
1
1
0
1
0
1
0
1
1
1
0
1
1
0
0
1
1
1
1
0
1
0
0
0
0
1
0
0
0
1
0
0
0
0
0
1645157891
1
1
0
0
0
0
0
0
0
1
1
1
1
0
0
0
1
1
1
1
0
0
0
0
0
1
0
0
0
1
1
0
2442272103
1
1
1
0
0
1
1
0
1
0
1
1
1
0
0
0
0
1
0
0
1
0
0
1
1
0
0
0
1
0
0
1
314028039
552845347
16789019162
10565940025
3904117274
1976005433
1
1
0
0
1
0
0
0
1
0
1
1
1
0
0
0
0
1
1
0
0
1
0
1
1
0
0
1
1
1
0
0
0
1
1
1
0
1
1
0
1
0
1
0
1
0
1
1
0
1
0
0
0
1
0
0
0
1
1
1
0
0
0
1
1
0
0
1
1
1
3130140804
1631599000
0
0
1
0
0
0
0
1
0
0
0
1
0
1
0
0
0
1
0
0
1
0
0
1
0
1
0
1
1
1
0
1
0
1
1
0
0
1
0
0
1
1
0
0
0
0
1
0
0
1
0
1
1
1
1
1
0
1
0
1
0
1
1
0
0
0
0
1
1
0
0
1
1
0
0
1
1
1
0
0
0
0
0
0
0
0
1
0
1
0
0
0
0
1
1
0
0
1
0
0
0
1
0
0
1
0
1
0
0
1
0
1
1
0
0
1
1
1
1
1
0
1
0
0
0
0
0
1
1120601483
1
1
0
1
0
0
0
1
1
0
1
0
0
0
0
0
1
1
0
1
0
0
1
1
0
1
0
0
0
0
1
0
2847022598
0
1
1
0
0
0
0
0
0
1
1
1
1
0
0
0
0
1
0
0
1
1
0
1
1
0
0
1
0
1
0
1
2442541419
709631563
15987021940
12452399957
3102120052
3862465365
1
1
0
0
1
0
0
1
1
1
0
0
1
0
1
0
0
1
0
0
0
0
0
1
0
1
0
0
1
0
0
1
1
0
1
1
1
1
0
1
1
0
1
0
1
1
0
0
0
0
1
0
0
0
0
0
0
1
0
0
1
0
1
1
0
0
1
0
1
1
2013115338
560041935
0
1
0
1
0
0
1
1
1
1
0
0
1
1
0
1
1
0
1
1
1
1
1
1
1
1
1
0
1
1
1
0
1
0
0
1
0
1
0
0
1
0
0
0
0
1
1
0
0
0
1
1
1
0
0
1
1
0
1
1
0
1
1
1
1
1
1
1
0
0
1
1
1
1
1
1
0
0
0
1
1
0
0
0
0
1
1
0
1
0
0
0
0
1
0
0
0
0
1
1
1
1
0
0
1
0
1
0
0
1
0
0
0
0
1
0
0
1
0
0
1
0
1
1
1
1
0
0
1824719643
1
1
0
1
1
0
0
0
1
1
0
0
0
0
0
0
1
1
0
0
0
0
1
1
0
0
1
1
0
1
1
0
3098974804
0
0
1
0
1
0
1
0
0
1
0
1
1
0
0
1
0
1
1
0
1
1
0
1
0
0
0
1
1
1
0
1
229791142
1460364979
12721981774
7839682774
4132047182
3544715478
0
1
0
1
0
0
1
1
1
1
1
0
1
0
0
1
0
1
0
1
1
0
0
0
0
1
1
0
0
1
1
1
1
0
0
0
0
0
0
0
1
1
0
1
1
0
0
0
1
0
0
1
1
1
0
0
1
1
0
0
0
0
0
0
0
0
0
1
1
1
3753905114
3852411432
0
1
0
1
1
0
1
1
1
1
0
1
0
0
0
0
0
0
0
0
0
0
1
1
1
1
1
1
1
0
1
1
1
1
0
0
0
0
0
0
0
0
0
0
1
1
0
0
1
0
1
0
0
1
1
1
1
1
1
0
1
1
1
1
0
0
0
1
0
1
0
0
0
1
0
0
0
1
0
0
1
1
1
1
1
0
0
1
1
0
1
0
0
1
1
1
1
0
0
0
0
0
1
0
1
0
0
1
0
0
1
0
1
1
1
0
1
0
0
1
1
0
0
0
0
0
1
0
3868156797
1
0
1
1
1
1
1
0
1
1
0
0
0
1
1
0
1
1
1
1
0
0
0
1
0
1
1
0
0
1
1
1
4175829086
0
1
1
1
1
0
1
0
0
0
0
1
1
0
0
0
0
1
1
0
0
1
1
1
0
0
0
1
1
1
1
1
2971311685
1256948043
21602265695
16643843180
127429215
3758941292
1
0
1
1
1
0
0
0
1
1
1
0
0
0
1
0
0
0
0
1
1
1
0
0
1
1
0
0
0
1
1
1
1
0
0
1
0
1
0
1
1
1
0
0
0
1
0
0
0
1
1
0
0
1
1
1
1
1
1
1
0
1
0
1
1
0
0
1
1
1
4072102474
946734205
0
1
0
1
0
0
1
0
0
1
0
1
1
0
1
0
1
1
1
0
1
1
0
1
0
1
0
0
1
1
1
1
0
0
1
0
1
0
1
0
0
1
1
0
0
1
0
0
0
1
1
1
1
0
0
0
1
1
0
0
1
0
0
1
1
0
1
1
1
1
1
0
0
0
1
0
0
0
0
0
0
1
1
1
0
1
1
0
0
0
0
1
1
1
0
0
1
0
1
1
0
0
0
0
0
1
0
0
1
1
0
0
0
0
1
1
1
0
0
0
0
1
1
1
1
1
0
0
3325561685
1
0
1
0
1
0
1
0
1
1
0
1
0
0
0
0
0
0
0
1
1
1
0
0
0
1
1
0
0
0
1
1
3066693726
0
1
1
1
1
0
1
0
0
0
0
1
0
0
0
0
0
1
0
1
0
0
1
1
0
1
1
0
1
1
0
1
3904117274
1976005433
15695929628
12461250702
2811027740
3871316110
1
1
0
0
1
0
1
0
0
1
1
0
0
0
0
1
0
1
0
0
0
1
1
0
0
1
0
1
0
0
1
1
0
0
1
1
0
0
1
0
0
0
1
1
1
0
0
1
0
0
0
0
1
0
1
0
1
0
0
0
0
0
0
1
0
0
1
1
0
0
310539966
1972006626
0
1
1
1
1
1
0
1
0
1
1
0
1
1
1
0
0
1
0
0
0
0
0
1
0
1
0
0
1
0
0
0
0
0
0
0
0
1
0
0
0
0
1
0
0
0
0
0
0
1
1
0
0
0
0
0
1
0
0
0
0
1
0
0
0
1
0
0
0
1
1
1
0
1
1
1
0
1
1
0
0
1
0
1
0
0
0
1
1
0
1
0
1
1
1
0
1
0
0
0
1
0
0
1
1
0
0
1
0
1
0
0
0
1
1
0
0
0
1
0
0
1
0
1
0
1
0
0
4048322652
0
0
1
1
1
0
1
0
0
0
0
0
0
0
0
1
0
0
1
1
0
0
1
0
1
0
0
0
1
1
1
1
2810734942
0
1
1
1
1
0
1
0
1
0
0
1
0
1
1
0
0
0
0
1
0
0
0
1
1
1
1
0
0
1
0
1
3102120052
3862465365
13743262233
13724107377
858360345
839205489
1
1
0
1
1
0
1
1
0
0
1
0
1
0
1
0
0
1
0
1
1
1
0
0
1
1
0
1
1
1
1
0
0
0
0
0
0
1
0
1
1
1
1
1
1
0
1
0
0
1
0
1
1
0
0
1
0
0
0
0
0
1
0
1
1
0
1
0
0
1
3123420934
2286906680
0
1
1
0
0
0
0
0
1
1
1
1
1
0
0
1
1
1
0
1
0
1
0
0
0
1
0
1
1
1
0
1
0
1
0
1
0
0
1
1
1
1
0
1
1
1
1
1
1
1
0
0
0
0
0
0
0
0
1
1
1
0
0
0
0
0
0
1
1
1
0
0
1
0
1
1
0
1
1
0
1
1
1
1
0
0
1
0
0
0
0
1
0
0
0
1
1
0
0
0
0
1
0
1
1
0
1
0
1
0
1
0
0
1
1
1
0
1
1
1
0
1
0
1
0
0
0
1
3792544780
0
0
1
1
0
0
0
0
0
0
1
0
0
1
0
1
1
0
1
1
0
0
0
0
0
1
0
0
0
1
1
1
663284253
1
0
1
1
1
0
0
0
0
1
0
1
0
1
1
1
0
0
0
1
0
0
0
1
1
1
1
0
0
1
0
0
4132047182
3544715478
15064688979
15410030974
2179787091
2525129086
1
1
0
1
1
0
0
1
0
1
1
0
1
1
1
0
1
1
1
1
0
0
1
1
1
1
1
1
1
1
0
0
0
0
0
0
0
1
0
0
1
1
0
1
1
1
1
1
0
0
0
0
1
0
0
0
0
1
0
1
0
1
1
1
0
1
0
0
1
1
423787316
2495375011
0
0
1
0
1
1
0
0
1
1
0
1
1
1
1
0
0
1
0
0
0
0
1
0
1
0
0
1
1
0
0
0
1
1
0
0
1
1
0
0
1
0
1
0
1
1
0
0
1
1
1
0
0
1
1
1
0
1
0
1
0
1
0
1
1
1
0
0
0
1
0
1
0
1
1
0
0
1
1
0
0
0
1
1
1
1
0
1
0
0
1
0
1
0
0
1
0
0
0
1
0
1
1
1
1
0
0
1
1
0
1
1
0
0
0
1
0
0
0
1
1
0
1
0
1
0
1
1
1916653808
0
0
0
0
1
1
1
1
0
0
0
0
1
0
1
1
1
0
1
1
1
1
0
0
0
1
0
0
1
1
1
0
2746018073
1
0
0
1
1
0
0
0
1
0
0
1
0
1
1
1
0
0
1
1
0
1
0
1
1
1
0
0
0
1
0
1
127429215
3758941292
15049113050
12006736876
2164211162
3416802284
1
1
0
0
1
0
1
0
1
0
1
1
1
0
0
1
0
1
0
0
1
0
0
1
1
1
1
1
0
0
0
1
1
0
1
1
1
0
0
1
0
1
0
1
0
1
1
1
1
1
1
0
1
1
0
0
0
0
0
0
1
1
1
0
0
1
0
1
1
1
2988221068
446046818
0
0
1
1
0
0
0
1
0
1
0
0
0
1
0
1
0
0
1
1
1
0
0
0
0
1
0
0
1
1
0
1
1
1
1
1
0
0
0
1
0
0
0
1
0
0
1
1
1
1
0
1
0
1
1
1
0
1
1
1
0
0
1
0
0
1
0
0
0
1
1
0
0
1
0
0
0
1
0
0
0
1
1
0
1
0
0
1
0
1
0
1
1
0
0
0
1
1
1
0
0
0
0
0
0
0
1
0
1
0
1
1
1
1
1
0
1
1
0
1
0
1
1
1
0
0
1
1
2995077501
1
0
1
1
1
1
1
0
1
0
0
0
0
0
1
0
1
0
1
0
0
0
0
1
0
1
0
0
1
1
0
1
2179836251
1
1
0
1
1
0
1
0
1
0
0
1
0
1
0
1
1
0
1
1
0
1
1
1
1
0
0
0
0
0
0
1
2811027740
3871316110
14868695669
12511666090
1983793781
3921731498
1
1
0
0
1
0
1
1
1
0
1
0
1
0
1
1
0
1
0
1
1
0
1
1
0
0
0
1
1
1
1
1
0
1
1
0
0
1
0
1
1
0
0
1
1
0
1
0
1
0
1
0
0
1
0
0
0
0
0
0
0
0
1
1
1
0
1
0
1
0
4144887479
3197496849
1
1
1
0
1
1
0
1
0
1
1
0
1
1
1
1
1
0
1
1
0
0
0
0
1
1
1
0
1
1
1
1
1
1
1
1
0
1
1
0
1
1
0
0
0
1
0
0
0
0
1
0
0
1
0
0
0
1
1
1
0
0
0
0
1
0
0
0
1
0
0
0
0
1
1
1
0
1
1
1
1
0
1
0
1
0
0
1
0
1
1
1
1
1
0
1
1
0
1
0
0
1
1
0
1
1
0
1
1
1
0
0
0
1
0
1
1
1
1
1
0
1
1
1
1
0
1
0
3749864444
0
0
1
1
1
1
1
1
1
1
0
0
0
1
1
0
0
1
0
0
0
0
0
1
1
1
1
1
1
0
1
1
2164156755
1
1
0
0
1
0
1
0
1
0
0
1
0
1
1
0
0
1
1
1
1
1
1
1
0
0
0
0
0
0
0
1
858360345
839205489
15500274519
10049590630
2615372631
1459656038
1
1
0
0
1
0
0
0
0
1
1
0
1
1
0
1
0
1
0
1
1
1
1
0
0
0
0
0
0
1
1
1
0
0
0
1
0
0
1
1
0
0
1
1
0
0
1
0
1
1
0
0
0
0
0
1
1
0
0
0
0
1
0
0
0
0
0
1
1
1
837376929
3051114860
1
0
0
0
0
1
0
1
1
1
0
1
1
0
1
0
1
0
0
1
0
1
1
1
1
0
0
0
1
1
0
0
0
1
1
1
0
0
1
1
1
0
1
0
0
0
0
0
0
0
1
0
0
0
1
0
0
0
1
1
1
1
0
1
0
0
1
1
0
1
1
0
1
0
0
0
1
0
1
0
0
0
1
1
1
0
1
1
1
0
1
0
1
1
0
1
1
1
1
0
0
0
1
0
0
1
0
0
0
1
1
1
0
1
1
0
1
0
0
1
1
0
1
0
1
1
0
0
3383285674
0
1
0
1
0
1
0
1
1
1
1
0
1
0
1
1
0
0
0
1
0
1
0
1
1
0
0
1
0
0
1
1
2466212695
1
1
1
0
1
0
1
0
1
1
0
1
0
1
1
0
1
1
1
1
1
1
1
1
0
1
0
0
1
0
0
1
2179787091
2525129086
17775586008
16651783475
595716824
3766881587
0
0
1
1
1
0
1
1
0
0
1
0
1
1
0
1
0
0
0
0
0
0
0
1
0
0
0
1
1
0
1
0
0
1
0
1
1
0
1
0
0
0
0
1
0
0
0
0
0
0
1
0
1
1
1
1
0
0
1
1
0
0
1
0
1
1
1
0
1
0
1502217783
720933125
1
1
1
0
1
1
0
0
0
1
1
0
0
0
0
0
0
1
0
1
0
0
0
1
1
0
0
1
1
0
1
0
1
0
0
1
1
1
0
1
0
1
1
0
0
1
1
0
1
0
0
0
0
1
0
0
0
1
1
1
1
0
1
0
1
0
1
0
0
0
0
0
1
0
0
0
1
0
0
1
0
0
0
1
1
1
1
1
0
1
0
1
0
1
0
0
1
0
1
0
1
1
1
1
0
0
0
1
0
0
0
0
0
1
1
1
1
1
1
1
1
0
0
1
0
1
1
0
1228986282
0
1
0
1
0
1
0
1
1
1
1
0
1
0
1
1
0
0
0
0
0
0
1
0
1
0
0
1
0
0
1
0
866347605
1
0
1
0
1
0
1
0
0
1
0
1
0
1
1
0
1
1
0
0
0
1
0
1
1
1
0
0
1
1
0
0
2164211162
3416802284
10357965523
10153611297
1768030931
1563676705
0
1
0
0
1
0
1
1
1
0
0
0
0
0
0
0
1
0
1
1
1
1
0
0
1
1
1
1
0
0
0
0
0
0
1
0
1
0
0
0
0
1
0
1
0
1
1
0
1
1
0
0
1
0
1
1
1
1
0
0
1
1
1
0
1
0
1
0
1
0
1153992193
414677396
1
0
0
0
0
0
0
0
0
1
1
0
0
0
0
1
0
0
0
1
0
0
1
1
0
0
1
0
0
0
1
0
0
0
1
0
0
1
0
1
1
1
0
1
0
0
1
1
1
1
0
0
0
0
1
1
0
0
1
1
0
0
1
1
0
0
1
0
1
0
0
1
1
0
0
1
1
1
1
0
1
1
1
0
1
1
0
1
0
0
0
1
1
0
0
0
0
1
0
1
1
1
0
0
1
0
0
1
0
1
1
0
1
1
1
1
1
0
1
0
1
0
0
0
0
0
0
1
1107428711
1
1
1
0
0
1
1
0
1
0
1
0
0
0
0
0
0
1
0
0
0
0
0
0
0
1
0
0
0
0
1
0
736324307
1
1
0
0
1
0
1
1
0
1
0
1
0
1
1
0
1
1
0
0
0
1
1
1
1
1
0
1
0
1
0
0
1983793781
3921731498
9936106503
10029583784
1346171911
1439649192
0
1
0
0
1
0
0
0
0
0
0
1
1
0
1
0
1
0
0
0
1
0
1
1
1
1
0
1
0
1
0
1
0
1
1
0
1
0
0
1
1
1
1
1
0
0
0
0
1
1
0
1
0
0
0
0
1
1
0
0
0
1
1
0
1
1
0
0
0
0
2279973286
4093333749
0
1
1
0
0
1
0
1
1
0
0
0
0
1
0
1
1
0
1
0
0
1
1
1
1
1
1
0
0
0
0
1
0
1
1
0
0
1
1
1
0
0
1
1
1
1
0
1
1
0
1
0
1
1
0
0
0
0
1
0
1
1
1
0
1
0
1
0
1
1
1
1
0
0
0
0
1
0
1
0
1
1
0
1
1
1
1
1
1
1
0
0
1
1
1
1
1
1
1
1
1
0
1
1
0
0
1
0
0
0
0
1
1
0
1
1
1
0
1
0
0
0
1
0
1
0
0
0
4110630963
1
1
0
0
1
1
0
0
0
0
0
0
0
0
1
0
1
1
0
0
0
0
0
0
1
0
1
0
1
1
1
1
1629545171
1
1
0
0
1
0
1
1
0
1
0
0
0
1
1
1
0
0
0
0
0
1
0
0
1
0
0
0
0
1
1
0
2615372631
1459656038
18701305184
17407159358
1521436000
227290174
0
0
1
0
0
1
0
0
0
0
0
1
1
1
0
0
0
1
0
0
0
0
0
1
1
1
1
0
1
1
0
1
0
1
0
1
1
1
1
0
1
1
0
1
0
0
0
1
0
1
0
1
0
0
1
0
1
0
1
1
1
0
1
0
1
0
1
1
0
0
2159838536
3118571059
0
0
0
1
0
0
1
0
1
0
1
0
0
0
0
1
0
0
1
1
1
1
0
1
0
0
0
0
0
0
0
1
0
1
0
0
0
1
0
0
0
0
1
0
0
0
0
0
1
0
0
1
0
1
0
1
1
0
1
1
1
1
0
0
1
1
0
0
1
1
0
0
0
1
1
1
1
0
0
1
1
0
0
0
0
1
1
1
1
0
0
1
1
1
0
1
1
0
1
0
1
1
0
0
1
0
0
0
0
0
0
1
1
1
1
0
1
1
1
1
1
1
1
1
1
1
1
0
1438637097
1
0
0
1
0
1
0
0
0
0
1
1
1
0
1
1
1
1
1
1
1
1
0
1
1
0
1
0
1
0
1
0
1479427139
1
1
0
0
0
0
1
0
0
0
1
0
0
0
1
0
0
1
1
1
0
1
0
0
0
0
0
1
1
0
1
0
595716824
3766881587
16825321696
13781772845
3940419808
896870957
1
1
0
1
1
0
0
0
1
0
1
1
1
0
1
0
1
1
0
1
0
0
0
1
1
1
1
1
1
0
0
0
1
1
0
1
1
1
0
0
1
0
0
0
0
1
0
0
1
0
1
0
0
1
0
1
1
1
0
0
0
1
1
0
1
0
1
1
1
1
93542243
1273392279
1
1
0
0
0
1
1
0
1
1
1
0
1
0
1
0
1
1
0
0
1
0
0
1
1
0
1
0
0
0
0
0
0
0
0
1
0
0
1
1
0
0
1
0
1
0
1
1
0
0
0
0
1
1
0
1
1
0
1
1
1
1
1
0
1
1
1
0
1
0
0
1
0
0
1
1
0
1
1
0
0
1
1
0
0
1
1
1
1
1
0
1
0
0
1
0
1
0
1
1
0
0
0
0
0
1
0
1
1
1
1
0
1
1
0
0
1
1
1
0
1
0
0
0
1
1
1
1
1166962092
0
0
1
1
0
1
0
1
1
0
1
1
0
1
1
0
0
1
1
1
0
0
0
1
1
0
1
0
0
0
1
0
1522418784
0
0
0
0
0
1
1
0
0
0
1
0
0
0
1
0
0
1
1
1
1
1
0
1
0
1
0
1
1
0
1
0
1768030931
1563676705
12557626740
12709696644
3967692148
4119762052
0
1
0
0
1
0
1
1
1
0
1
0
1
0
0
0
1
0
1
1
1
0
0
1
1
1
1
0
0
0
0
0
0
1
1
1
0
1
1
0
0
0
0
1
1
1
1
1
1
1
1
0
0
0
0
0
0
0
1
0
1
0
1
0
1
0
1
1
1
0
2819439389
1141033466
1
0
1
1
1
0
0
0
1
1
0
1
1
1
0
0
1
0
1
1
0
0
0
0
0
0
0
1
0
1
0
1
0
0
1
1
0
1
0
1
0
0
0
1
0
1
1
1
0
0
0
1
1
1
0
1
0
0
0
0
1
0
1
0
0
1
0
1
1
1
1
1
1
0
0
1
0
0
1
1
0
1
0
0
0
0
0
0
0
0
1
0
0
0
1
0
0
0
0
0
0
0
0
1
1
1
0
1
0
0
0
1
0
0
0
1
0
0
1
0
1
1
0
0
0
0
0
1
1023682622
0
1
1
1
1
1
0
0
0
0
0
1
0
1
0
0
0
0
1
0
0
0
0
0
1
0
1
1
1
1
0
0
3942518112
0
0
0
0
0
1
1
0
1
0
1
1
0
0
0
0
0
1
1
1
1
1
1
1
0
1
0
1
0
1
1
1
1346171911
1439649192
15973905495
10558119905
3089003607
1968185313
1
1
0
0
1
0
1
0
0
0
1
0
0
1
1
0
0
1
0
0
1
1
1
1
0
1
1
0
1
0
1
1
0
0
0
0
0
0
1
1
1
0
1
1
1
0
1
1
1
1
1
0
1
1
1
0
0
0
0
0
1
0
0
0
0
0
0
0
1
0
896205574
3522435782
0
1
1
0
0
0
0
0
1
1
0
0
0
0
0
0
1
1
0
1
0
1
1
0
1
0
1
0
1
1
0
0
0
1
1
0
0
1
1
1
1
0
1
1
1
0
1
0
0
1
0
1
1
1
0
1
0
0
1
1
0
0
1
0
0
1
1
0
0
0
1
1
0
1
0
1
1
0
0
0
0
0
1
0
1
1
1
1
1
0
0
0
1
0
1
1
0
0
1
1
1
1
1
0
0
1
0
1
0
1
1
1
1
1
0
1
1
1
1
1
1
0
0
1
1
1
1
0
1965372556
0
0
1
1
0
0
0
1
0
0
1
0
1
1
0
0
1
0
1
0
0
1
0
0
1
0
1
0
1
1
1
0
3898485876
0
0
1
0
1
1
1
0
0
0
1
1
0
1
0
0
0
1
1
1
1
0
1
0
0
0
0
1
0
1
1
1
1521436000
227290174
17236216209
13962960759
56347025
1078058871
0
0
1
1
1
0
1
0
0
0
1
1
1
1
0
1
1
1
1
0
1
1
1
1
1
0
1
0
1
0
1
1
0
1
1
1
0
1
1
0
1
0
0
0
1
1
1
0
1
1
0
0
1
1
0
1
1
1
1
0
1
0
0
1
0
1
1
0
0
1
1668852919
319206630
1
1
1
0
1
1
0
1
0
0
1
1
0
1
0
1
0
0
0
1
1
1
1
0
1
1
0
0
0
1
1
0
0
1
0
1
1
1
0
1
0
0
0
1
0
1
1
1
0
1
1
1
1
0
1
0
0
0
1
1
0
0
0
0
0
1
1
0
0
1
1
1
0
0
1
0
1
1
0
1
0
1
1
0
0
0
0
0
1
1
0
0
1
0
0
0
0
1
1
0
0
0
1
0
1
1
1
1
0
0
0
0
1
0
0
1
0
1
1
1
1
1
0
0
1
1
0
0
4123926497
1
0
0
0
0
1
1
1
1
1
1
1
1
0
0
0
0
1
1
1
0
0
1
1
1
0
1
0
1
1
1
1
2824760661
1
0
1
0
1
0
1
0
1
0
1
1
0
1
1
0
0
1
1
1
1
0
1
0
0
0
0
1
0
1
0
1
3940419808
896870957
16027999985
15474806213
3143098097
2589904325
1
1
0
1
1
0
0
1
0
1
0
0
0
1
0
0
0
0
1
1
0
0
0
0
1
0
0
1
1
0
1
1
1
0
1
0
1
1
0
1
1
1
1
1
0
0
1
0
1
0
1
0
0
1
0
1
1
1
1
0
1
0
0
1
0
0
0
0
1
0
3324242927
2176635427
1
1
1
1
0
1
1
1
1
1
0
1
0
1
1
1
1
1
0
0
0
1
0
0
0
1
1
0
0
0
1
1
0
1
0
0
0
0
0
0
1
0
1
1
0
1
0
0
0
0
0
1
1
0
1
0
1
0
0
1
1
0
0
1
1
1
0
0
0
1
0
0
0
1
0
0
1
0
1
1
0
0
1
1
1
1
0
1
1
0
0
0
0
0
0
1
0
1
1
1
0
1
1
1
0
0
0
0
1
1
0
0
0
1
0
1
1
0
1
1
0
1
1
1
0
1
0
1
1698750309
1
0
1
0
0
1
1
0
1
1
1
1
1
0
1
1
0
0
0
0
0
0
1
0
1
0
1
0
0
1
1
0
3143621841
1
0
0
0
1
0
1
1
0
0
1
1
1
0
1
1
1
1
1
1
1
0
1
0
1
1
0
1
1
1
0
1
3967692148
4119762052
20793536650
18293364030
3613667466
1113494846
0
0
1
0
0
1
0
0
1
0
1
1
0
0
0
0
1
1
0
0
1
1
0
1
1
1
1
1
0
1
0
1
1
1
0
0
1
0
0
0
1
1
1
0
0
1
1
1
0
1
0
0
1
1
1
1
1
0
1
1
0
0
0
1
0
0
1
0
1
1
2706218078
1904979623
0
1
1
1
1
0
1
0
0
0
1
1
1
0
0
1
1
0
1
1
0
0
1
0
1
0
0
0
0
1
0
1
1
1
0
0
0
0
0
0
1
1
1
0
1
1
0
1
1
1
1
1
0
0
0
1
1
0
0
0
1
1
0
0
1
1
1
0
0
1
0
1
0
1
1
1
0
1
0
1
1
1
0
1
0
0
0
1
1
0
0
0
1
1
1
0
0
1
1
0
0
0
0
1
1
0
0
0
1
1
0
0
1
0
0
0
0
0
1
1
0
1
1
1
1
0
1
0
39833413
1
0
1
0
0
0
1
0
1
1
1
1
0
0
1
1
1
1
1
1
1
0
1
0
0
1
0
0
0
0
0
0
2472007825
1
0
0
0
1
0
0
1
0
0
0
1
1
0
1
1
1
1
1
0
1
0
1
0
1
1
0
0
1
0
0
1
3089003607
1968185313
14206028852
12116806556
1321126964
3526871964
1
1
0
0
1
0
1
0
0
1
0
0
0
0
1
1
0
0
0
0
1
0
1
0
0
1
0
0
1
0
0
1
1
1
0
0
1
1
1
0
0
1
0
1
0
0
0
0
0
1
1
0
0
0
1
0
0
0
1
1
1
1
0
0
0
1
0
1
1
0
2302482369
456611774
1
0
0
0
0
0
1
1
1
1
1
0
1
0
0
0
1
0
1
1
1
1
0
0
1
0
0
1
0
0
0
1
1
1
0
1
1
1
1
1
0
1
1
0
0
0
1
1
1
0
1
1
0
0
0
0
0
1
0
0
1
1
1
0
0
1
1
1
1
1
0
1
1
1
1
0
1
0
1
0
1
1
1
0
1
1
0
0
1
1
0
1
1
0
0
0
1
1
1
0
1
0
1
1
1
0
0
1
1
0
0
1
0
1
0
0
1
0
1
1
0
0
0
0
0
0
0
0
1247708509
1
0
1
1
1
0
1
0
1
0
1
0
0
0
0
1
0
1
1
1
1
0
1
0
0
1
0
1
0
0
1
0
3749108912
0
0
0
0
1
1
0
1
0
0
1
1
1
0
1
1
0
1
1
0
1
1
1
0
1
1
1
1
1
0
1
1
56347025
1078058871
12050842377
6055598121
3460907785
1760630825
0
1
0
1
0
0
1
1
0
0
0
1
1
0
0
1
0
0
1
1
1
0
0
1
1
0
0
1
1
1
0
0
1
1
0
1
0
0
1
1
0
1
1
0
0
1
1
1
0
1
0
0
0
0
0
1
0
0
0
0
0
0
1
1
0
1
0
0
1
1
1322255793
3624062711
1
0
0
0
1
1
0
1
1
0
1
0
0
0
0
0
0
0
0
0
1
0
1
1
0
1
1
1
0
0
1
0
0
0
0
1
0
0
0
1
0
1
0
0
0
1
0
0
0
0
1
1
1
0
1
1
1
1
0
1
0
1
1
0
1
1
1
0
1
1
1
1
0
1
1
1
0
0
1
1
0
1
0
0
0
0
0
0
0
0
0
1
1
0
1
1
1
1
0
0
0
0
1
0
0
1
0
1
1
0
1
1
0
1
1
1
0
0
0
1
0
0
0
0
0
1
0
1
1111461150
0
1
1
1
1
0
0
0
1
0
1
1
0
0
0
1
1
1
1
1
1
1
0
0
0
1
0
0
0
0
1
0
3463200776
0
0
0
1
0
0
0
0
0
0
0
0
0
0
1
0
0
0
1
1
0
1
1
0
0
1
1
1
0
0
1
1
3143098097
2589904325
13638201955
11995843483
753300067
3405908891
1
1
0
0
1
0
0
0
1
1
1
0
1
1
1
1
1
0
1
0
0
0
0
0
1
0
1
0
1
0
0
0
0
0
1
1
0
0
1
0
1
1
0
1
0
0
1
1
1
1
0
0
0
1
0
0
0
0
0
1
1
1
0
1
1
0
1
1
1
1
3253303064
2639308170
0
0
0
1
1
0
0
0
1
1
1
0
1
1
1
0
1
0
0
1
0
1
1
1
1
0
0
0
0
0
1
1
1
1
0
1
0
1
0
1
1
1
0
1
1
1
1
1
0
0
0
0
0
1
0
0
0
0
0
1
1
0
1
0
0
1
0
1
0
0
0
1
1
0
1
0
0
1
0
1
0
0
0
0
1
0
1
0
1
0
1
1
1
0
0
1
1
1
1
1
0
1
1
0
0
0
0
1
0
1
1
0
1
0
1
0
1
0
1
0
0
0
1
1
1
0
0
0
1479919629
1
0
1
1
0
0
0
0
0
0
0
1
0
0
1
1
1
0
1
0
1
1
0
0
0
0
0
1
1
0
1
0
1324237345
1
0
0
0
0
1
0
0
0
1
0
0
0
0
1
0
0
1
1
1
0
1
1
1
0
1
1
1
0
0
1
0
3613667466
1113494846
13695719388
12731846445
810817500
4141911853
1
1
0
0
1
0
1
0
0
0
0
0
0
0
0
0
1
0
1
1
0
0
0
1
0
1
0
0
1
1
0
1
0
1
0
0
1
1
0
1
1
0
1
0
1
0
1
0
1
0
1
1
0
1
0
0
0
1
1
0
0
1
0
1
0
1
0
0
0
0
3802920854
572704982
0
1
1
0
1
0
0
1
1
1
1
0
1
1
1
1
1
1
0
1
0
1
0
1
0
1
0
0
0
1
1
1
1
1
1
0
1
0
1
0
1
1
1
0
0
0
0
1
0
0
1
0
1
1
1
1
0
1
0
0
1
1
0
1
0
1
1
0
1
0
1
1
0
0
0
1
0
0
1
1
0
1
0
0
0
1
0
0
0
1
0
0
0
1
0
0
1
0
1
1
0
1
0
0
0
1
1
1
1
0
1
0
1
0
1
0
0
1
1
0
0
1
0
0
1
0
1
0
3390118665
1
0
0
1
0
0
0
0
1
1
0
1
1
0
0
0
1
0
0
0
1
0
0
0
0
1
0
1
0
0
1
1
742675273
1
0
0
1
0
0
1
0
1
1
0
0
1
0
1
0
0
0
1
0
0
0
1
0
0
0
1
1
0
1
0
0
1321126964
3526871964
16287151105
13062681942
3402249217
177780054
1
1
0
1
1
0
0
0
1
0
0
1
1
0
1
0
0
1
1
0
0
0
0
1
0
0
0
1
0
0
0
0
0
1
1
0
0
0
0
1
0
0
1
1
0
1
1
0
0
1
0
0
1
0
0
0
0
1
1
1
0
0
1
1
0
0
0
0
1
1
4201438330
3199310534
0
1
0
1
1
1
1
0
0
0
1
1
1
0
1
1
0
0
1
1
0
1
1
0
0
1
0
1
1
1
1
1
1
0
0
0
1
0
1
0
1
1
0
1
1
0
1
1
0
0
1
1
1
1
0
1
0
1
0
0
1
0
1
1
0
1
1
0
0
0
1
1
0
1
0
1
1
0
0
1
1
0
0
0
1
1
0
1
0
1
1
1
1
1
0
1
1
1
0
0
0
0
1
1
1
0
0
0
1
1
0
0
1
1
0
1
0
1
1
1
0
1
0
0
1
1
1
1
3280113549
1
0
1
1
0
0
0
1
1
1
1
1
0
0
0
1
0
1
0
0
0
0
0
1
1
1
0
0
0
0
1
1
684078657
1
0
0
0
0
0
1
0
0
1
1
0
1
1
0
0
0
1
1
0
0
0
1
1
0
0
0
1
0
1
0
0
3460907785
1760630825
17584757092
16160147890
404887908
3275246002
0
0
1
1
1
0
1
0
0
0
1
1
1
1
0
0
0
0
0
0
1
1
0
1
1
0
1
0
1
1
1
0
0
1
0
1
0
1
1
1
1
0
0
1
1
1
0
1
1
0
0
0
1
0
1
0
1
1
0
1
0
0
1
0
0
1
1
1
1
0
1162729257
1634754382
1
0
0
1
0
1
0
0
1
1
1
0
1
0
1
1
1
0
1
1
0
0
1
0
1
0
1
0
0
0
1
0
1
0
0
1
0
0
1
0
1
1
1
0
0
0
1
0
0
0
0
1
0
1
0
0
1
0
1
1
0
0
1
1
0
1
1
1
0
0
1
0
1
1
1
1
1
0
1
0
0
0
0
0
1
1
1
0
1
0
0
0
0
1
1
0
1
1
1
1
0
1
0
0
0
1
1
0
0
0
0
1
0
0
1
0
1
0
1
0
1
0
1
1
1
1
1
1
920160031
1
1
1
1
1
0
0
0
1
1
1
0
0
0
0
1
0
0
0
1
1
0
1
1
0
1
1
0
1
1
0
0
406984004
0
0
1
0
0
0
1
0
1
0
1
0
1
0
0
0
0
1
0
0
0
0
1
0
0
0
0
1
1
0
0
0
753300067
3405908891
11439358193
10622944999
2849423601
2033010407
0
1
0
0
1
0
0
1
1
0
0
1
0
1
0
1
1
0
0
0
1
1
1
1
1
0
1
1
0
1
0
0
1
1
1
0
1
0
0
0
1
0
1
1
1
1
1
0
1
0
1
0
0
1
0
1
1
1
0
0
1
0
1
0
1
1
0
0
1
1
922433581
3618169615
1
0
1
1
0
1
0
0
0
0
0
1
1
1
0
0
1
1
0
1
1
1
1
1
0
1
1
0
1
1
0
0
0
1
0
1
0
0
0
1
0
1
1
1
1
1
1
1
0
0
0
1
1
1
1
1
1
0
1
1
0
1
1
0
1
1
1
1
0
0
0
0
1
1
0
0
0
1
1
1
0
0
0
1
0
1
0
1
1
1
1
0
1
0
1
1
1
1
0
0
1
1
0
1
0
0
0
0
1
0
0
1
1
1
0
1
0
0
0
0
1
0
0
0
0
0
1
0
1136193970
0
1
0
0
1
1
0
1
1
0
0
0
1
1
1
1
0
0
0
1
1
1
0
1
1
1
0
0
0
0
1
0
2294419553
1
0
0
0
0
1
1
0
0
0
0
0
1
0
0
0
0
1
0
0
0
0
1
1
0
0
0
1
0
0
0
1
810817500
4141911853
14440449702
12034414068
1555547814
3444479476
1
1
0
0
1
0
0
1
0
1
1
1
0
0
0
0
1
1
0
0
0
0
1
1
1
1
1
0
1
1
0
0
1
1
0
0
1
0
0
1
0
0
1
1
1
1
1
0
0
0
1
1
1
1
0
0
1
1
0
1
1
1
1
0
0
0
0
0
0
1
2097515877
3404098019
1
0
1
0
0
1
1
0
1
0
1
1
0
0
0
1
1
0
1
0
0
0
0
0
1
0
1
1
1
1
1
0
1
1
1
0
1
0
0
0
0
0
1
0
1
0
0
0
1
1
1
1
1
0
0
0
0
1
0
0
0
1
0
1
1
1
0
0
0
1
1
1
1
0
0
1
0
1
1
0
0
1
1
0
0
1
1
1
0
1
0
1
0
0
1
1
1
0
1
0
0
0
0
1
1
1
0
0
1
0
0
1
0
0
1
1
0
1
0
1
1
0
1
1
0
1
1
0
1262243046
0
1
1
0
0
1
1
1
0
0
1
1
0
0
1
0
0
0
1
1
1
1
0
0
1
1
0
1
0
0
1
0
414630116
0
0
1
0
0
1
1
1
0
0
0
0
0
0
1
1
0
1
1
0
1
1
0
1
0
0
0
1
1
0
0
0
3402249217
177780054
9879620666
10769723890
1289686074
2179789298
0
1
0
0
1
0
1
1
1
1
1
1
0
1
0
0
0
1
0
1
0
1
1
0
1
0
0
0
0
0
0
0
1
0
1
1
1
1
0
0
1
1
0
1
0
1
0
0
0
0
1
1
0
1
0
1
0
1
1
1
1
0
0
0
0
0
1
1
0
0
2396343493
36665113
1
0
1
0
0
0
1
1
0
0
1
1
0
0
1
0
1
0
1
0
1
0
1
1
0
1
1
1
0
0
0
1
0
1
1
0
1
1
1
1
1
0
1
0
0
1
0
1
1
0
1
0
0
1
1
1
0
1
0
0
1
1
1
1
1
0
0
1
1
0
0
0
1
1
1
0
1
1
1
0
1
1
1
1
0
1
0
0
0
1
0
0
0
0
0
0
1
0
0
1
1
0
1
0
0
1
1
1
0
0
0
1
1
1
1
0
1
0
1
0
0
0
1
0
1
1
1
1
4182611957
1
0
1
0
1
1
1
1
1
1
1
0
1
0
0
1
1
0
1
1
0
0
1
0
1
0
0
1
1
1
1
1
1289209010
0
1
0
0
1
1
0
1
0
0
1
0
0
0
1
1
1
1
1
0
1
0
1
1
0
0
1
1
0
0
1
0
404887908
3275246002
16978913471
13698248876
4094011583
813346988
1
1
0
1
1
0
1
0
0
0
0
1
1
1
1
1
0
1
1
0
1
0
1
1
1
1
0
1
1
1
0
0
1
0
1
1
0
0
0
1
0
0
0
0
1
0
0
1
0
1
1
0
1
0
0
1
0
0
1
0
1
1
1
1
0
0
1
0
1
1
2925278674
2552214412
0
1
0
0
1
0
1
1
1
0
1
0
1
1
0
0
0
0
1
1
1
0
1
0
0
1
1
1
0
1
0
1
0
1
0
0
0
0
0
0
0
1
0
1
0
0
1
1
0
1
1
1
1
1
1
1
0
0
0
1
1
1
0
1
0
0
1
1
0
0
0
1
1
1
0
0
1
1
0
1
1
1
1
1
1
0
0
0
0
0
0
1
1
0
0
1
0
0
1
0
1
0
0
1
1
0
1
0
0
1
1
1
1
1
1
0
0
0
1
0
1
0
1
0
0
1
0
1
3446453744
0
0
0
0
1
1
1
1
1
0
1
0
1
1
0
1
0
0
1
1
0
1
1
0
1
0
1
1
0
0
1
1
1553435838
0
1
1
1
1
1
0
1
0
0
1
1
0
0
0
1
1
1
1
0
1
0
0
1
0
0
1
1
1
0
1
0
2849423601
2033010407
18067971041
16438680130
888101857
3553778242
0
0
1
1
1
0
0
1
0
1
1
0
0
1
0
1
1
0
0
0
0
1
0
1
1
0
1
0
1
0
1
1
0
1
0
0
1
1
0
0
1
0
1
1
0
0
1
1
1
1
0
0
1
0
1
0
0
0
0
1
1
1
1
1
0
0
0
0
0
1
794686801
2855801419
1
0
0
0
1
0
1
0
1
0
1
0
1
1
1
1
1
0
1
1
1
0
1
0
1
1
1
1
0
1
0
0
0
1
0
0
0
0
0
1
1
0
0
0
1
1
1
0
0
1
0
0
1
1
0
0
0
1
0
0
1
0
0
1
1
1
0
1
0
0
1
0
0
1
0
0
1
0
0
0
0
0
0
1
1
1
0
0
0
1
0
1
0
1
0
1
0
1
0
0
0
1
0
0
1
1
0
0
1
1
0
0
1
0
1
0
1
0
0
0
1
1
0
0
0
0
1
0
276738480
0
0
0
0
1
1
0
1
1
0
0
0
1
1
0
1
0
1
1
1
1
1
1
0
0
0
0
0
1
0
0
0
1959725243
1
1
0
1
1
1
0
1
0
0
0
1
0
0
0
0
1
1
1
1
0
0
1
1
0
0
1
0
1
1
1
0
1555547814
3444479476
12001379994
10802515764
3411445402
2212581172
0
1
0
0
1
0
1
0
0
1
1
0
1
0
0
1
0
0
1
0
1
0
0
0
1
0
0
0
1
1
1
1
0
0
1
0
0
0
1
0
0
1
1
0
0
1
1
1
0
0
0
0
1
0
0
1
0
0
0
0
1
0
0
0
0
0
1
0
0
1
3692662847
3292029780
1
1
1
1
1
1
0
0
0
0
0
0
1
0
0
1
1
0
0
1
1
0
0
0
0
0
1
1
1
0
1
1
0
1
0
0
1
0
0
0
1
1
0
1
1
1
1
1
1
1
0
0
0
0
0
0
0
1
1
0
0
0
0
1
0
0
1
0
1
0
1
0
1
1
0
0
0
1
1
0
0
0
0
1
1
1
0
0
0
0
1
0
0
0
1
1
1
0
1
0
1
0
0
0
1
0
0
1
1
1
1
1
1
1
1
1
1
0
0
1
0
0
1
0
1
1
0
0
3017472648
0
0
0
1
0
0
0
1
0
1
0
1
1
1
1
1
0
1
0
1
1
0
1
1
1
1
0
0
1
1
0
1
4098329275
1
1
0
1
1
1
0
1
0
1
0
1
0
0
0
1
1
1
1
0
0
0
1
0
0
0
1
0
1
1
1
1
1289686074
2179789298
21806469721
15305163673
331633241
2420261785
1
0
1
1
1
0
1
1
1
1
1
1
0
0
0
0
1
0
0
1
1
0
1
0
0
0
1
1
0
1
0
0
1
1
1
0
0
0
0
1
0
1
0
1
0
0
1
1
0
1
0
0
1
1
1
1
1
1
1
1
1
0
1
0
1
0
1
1
0
0
3346067195
877841806
1
1
0
1
1
1
1
1
0
1
1
1
0
1
1
1
0
0
0
0
1
1
1
0
1
1
1
0
0
0
1
1
0
0
1
0
1
1
0
1
0
1
0
1
0
0
0
1
1
0
0
1
1
1
0
0
0
1
1
0
1
0
1
1
0
1
1
1
0
0
0
1
1
0
1
1
0
0
1
1
0
1
0
0
1
0
1
0
0
0
1
0
1
1
0
0
0
1
1
0
0
0
1
0
1
0
0
0
0
0
0
0
1
1
0
0
1
1
1
0
1
0
1
0
1
0
0
0
3285211986
0
1
0
0
1
0
1
0
1
1
0
1
1
0
1
0
0
0
0
0
1
0
1
1
1
1
0
0
0
0
1
1
331764441
1
0
0
1
1
0
1
1
0
1
0
0
1
0
1
0
0
1
1
0
0
0
1
1
1
1
0
0
1
0
0
0
4094011583
813346988
13366289471
13782469418
481387583
897567530
1
1
0
1
1
0
1
1
1
1
1
0
0
0
0
1
1
0
1
1
1
0
1
1
0
1
1
1
0
1
0
1
1
0
0
1
1
1
1
1
1
1
0
1
1
1
0
1
0
1
0
0
1
0
0
1
0
0
1
0
0
1
0
0
1
1
1
0
1
1
591675638
1920386511
0
1
1
0
1
1
1
1
0
0
0
0
0
0
1
0
0
0
1
0
0
0
1
0
1
1
0
0
0
1
0
0
0
0
1
0
0
0
0
1
0
0
1
1
1
1
0
1
0
0
1
0
1
0
1
1
0
1
1
0
0
1
1
1
1
1
1
1
0
0
1
1
1
0
1
0
0
0
1
1
0
1
1
0
1
1
1
0
0
1
0
0
1
1
1
0
1
0
1
0
1
0
1
1
0
0
0
0
1
0
1
0
1
1
0
0
1
0
0
1
1
0
1
1
0
0
1
1
2462205724
0
0
1
1
1
0
0
0
1
1
1
0
0
0
1
0
0
1
0
0
0
0
1
1
0
1
0
0
1
0
0
1
466896411
1
1
0
1
1
0
0
0
0
1
1
0
0
0
1
0
0
0
1
0
1
0
1
1
1
1
0
1
1
0
0
0
888101857
3553778242
12460979743
12290509551
3871045151
3700574959
0
1
0
0
1
0
0
1
0
1
0
0
0
0
0
0
0
1
1
1
0
0
0
0
0
0
0
1
0
1
1
0
1
1
0
0
0
1
1
1
1
1
1
1
0
1
0
0
0
0
1
1
0
1
1
1
0
1
1
1
0
1
1
0
1
1
1
0
0
1
2760480710
2880220300
0
1
1
0
0
0
1
1
1
1
1
0
1
0
0
1
1
0
0
1
0
0
0
1
0
0
1
0
0
1
0
1
0
0
1
1
1
0
1
0
0
0
0
1
0
1
1
1
1
0
0
0
1
0
1
0
1
0
0
1
0
0
1
0
0
0
1
1
0
0
0
1
0
0
1
1
0
1
0
1
0
0
1
1
0
1
0
1
1
1
0
1
0
1
0
1
0
1
0
0
0
1
1
0
1
1
0
1
1
0
1
1
1
0
0
1
0
0
0
1
0
1
0
0
0
1
1
1
340937530
0
1
0
1
1
1
0
0
1
1
0
1
0
0
1
0
0
1
0
0
1
0
1
0
0
0
1
0
1
0
0
0
380728863
1
1
1
1
1
0
0
0
0
1
1
0
1
1
1
0
1
0
0
0
1
1
0
1
0
1
1
0
1
0
0
0
3411445402
2212581172
15260989450
15531225279
2376087562
2646323391
1
1
0
1
1
0
0
0
0
0
1
0
0
0
1
0
0
1
0
1
0
1
0
1
0
0
1
0
0
0
1
1
1
0
1
1
0
1
1
0
1
0
1
0
0
0
0
1
1
1
1
1
0
0
1
0
0
1
0
0
1
0
0
1
0
1
1
0
1
0
3822864693
878511738
1
0
1
0
1
1
0
0
1
0
0
1
0
0
1
0
0
0
1
1
1
0
1
1
1
1
0
0
0
1
1
1
1
1
0
0
0
0
0
0
1
1
0
0
0
1
1
0
0
0
1
1
1
1
0
0
1
1
0
0
0
1
1
0
0
1
0
1
1
1
1
0
0
1
1
0
0
0
0
0
1
0
1
1
1
0
1
0
0
0
1
0
1
1
0
0
0
0
1
0
1
1
0
1
1
0
0
1
1
0
1
0
1
0
1
0
0
0
0
1
1
0
0
1
0
1
1
1
3168160687
1
1
1
1
0
1
0
1
1
1
0
1
0
0
1
0
0
1
1
0
1
0
1
1
0
0
1
1
1
1
0
1
2360439839
1
1
1
1
1
0
0
0
0
0
1
0
1
1
1
0
1
0
0
0
1
1
0
1
0
0
1
1
0
0
0
1
331633241
2420261785
15956355344
10104684053
3071453456
1514749461
1
1
0
0
1
0
0
0
0
1
1
1
1
0
0
1
0
0
1
1
0
1
0
1
0
1
1
0
0
0
0
0
1
1
0
0
1
1
0
0
0
0
1
0
0
1
0
1
1
1
0
0
0
1
0
0
1
0
1
1
0
0
1
0
0
0
1
0
0
0
803557389
3009242994
1
0
1
1
0
0
0
0
0
0
0
0
1
0
1
0
1
0
1
0
0
1
1
1
1
1
1
1
0
1
0
0
1
0
0
0
1
0
1
1
0
1
0
0
1
0
0
0
1
0
0
0
0
0
1
0
1
0
1
0
0
1
1
0
0
1
0
0
1
1
1
0
1
1
1
0
0
1
1
0
1
0
1
1
1
0
1
0
1
1
0
0
1
1
0
1
1
1
1
1
1
0
1
1
1
0
1
1
0
1
1
0
0
1
0
0
0
0
1
1
1
1
1
0
1
0
0
1
2627432703
1
1
1
1
1
1
1
1
0
0
0
0
1
1
1
0
1
1
0
1
1
0
0
1
0
0
1
1
1
0
0
1
2813474842
0
1
0
1
1
0
0
0
0
0
0
1
1
1
0
0
0
1
0
0
1
1
0
1
1
1
1
0
0
1
0
1
481387583
897567530
16309203576
13173558928
3424301688
288657040
1
1
0
1
1
0
5203335391
6215587733
3389991804
6644525913
1648550159
4115572385
3175058026
5242034184
908368095
1920620437
3389991804
2349558617
1648550159
4115572385
3175058026
947066888
1
1
0
1
0
0
0
1